conmedic,partyid,region,id,age,sex,race,degree
.i, 5, 1,   1,43, 1, 1, 2
 1, 2, 1,   2,74, 2, 1, 1
 1, 4, 1,   3,42, 1, 1, 3
 3, 2, 1,   4,63, 2, 1, 3
 1, 6, 1,   5,71, 1, 2, 4
.i, 2, 1,   6,67, 2, 1, 3
 1, 0, 2,   7,59, 2, 2, 1
 2, 5, 2,   8,43, 1, 1, 1
 2, 3, 2,   9,62, 2, 1, 0
 2, 1, 1,  10,55, 1, 1, 1
.i, 6, 1,  11,59, 1, 1, 4
 2, 1, 1,  12,34, 2, 3, 1
.i, 1, 1,  13,61, 2, 1, 1
 1, 0, 2,  14,44, 1, 2, 3
 2, 4, 2,  15,41, 2, 2, 1
.i, 3, 2,  16,75, 2, 1, 1
 2, 2, 2,  17,55, 2, 1, 3
.i, 3, 2,  18,30, 2, 1, 3
 2, 1, 2,  19,40, 2, 1, 4
 1, 4, 2,  20,30, 1, 1, 4
.i, 5, 2,  21,34, 2, 1, 1
 2, 5, 2,  22,29, 2, 3, 2
 2, 2, 2,  23,40, 2, 1, 2
.i, 0, 2,  24,37, 1, 1, 1
.i, 5, 2,  25,56, 2, 1, 3
 1, 5, 2,  26,82, 1, 1, 0
.i, 1, 2,  27,68, 2, 1, 1
 2, 1, 2,  28,42, 2, 2, 0
 2, 6, 2,  29,40, 2, 1, 1
 1, 4, 2,  30,20, 1, 1, 1
 3, 4, 2,  31,74, 2, 1, 1
 1, 6, 2,  32,89, 1, 1, 0
 1, 3, 2,  33,60, 2, 1, 3
.i, 1, 2,  34,56, 2, 1, 3
 1, 2, 2,  35,55, 2, 1, 0
 1, 6, 2,  36,65, 1, 1, 4
.i, 0, 2,  37,71, 2, 1, 4
 1, 0, 2,  38,34, 1, 1, 4
 2, 4, 2,  39,45, 1, 1, 4
.i,.n, 2,  40,50, 2, 2, 1
 2, 0, 2,  41,65, 2, 1, 1
.i, 1, 2,  42,52, 1, 1, 1
 2, 0, 2,  43,62, 2, 1, 1
 1, 0, 2,  44,60, 1, 3, 4
 2, 2, 2,  45,62, 2, 1, 3
 3, 1, 2,  46,46, 2, 1, 1
 1, 1, 2,  47,40, 1, 1, 4
 2, 1, 2,  48,53, 2, 1, 4
 2, 5, 2,  49,75, 1, 1, 3
.i, 2, 2,  50,67, 2, 1, 3
 2, 3, 2,  51,22, 1, 1, 1
.i, 1, 2,  52,42, 2, 1, 1
 2, 3, 2,  53,59, 2, 1, 4
 2, 3, 2,  54,33, 2, 3, 4
 2, 3, 2,  55,46, 1, 1, 3
 2, 5, 2,  56,55, 1, 1, 3
 2, 3, 2,  57,43, 2, 1, 3
.i, 2, 2,  58,45, 2, 2, 1
 1, 1, 2,  59,23, 1, 1, 0
 3, 1, 2,  60,28, 2, 2, 1
.i, 0, 2,  61,27, 2, 2, 1
 3, 0, 2,  62,42, 2, 2, 0
.i, 0, 2,  63,41, 2, 2, 3
.i, 0, 2,  64,64, 2, 2, 1
 2, 4, 2,  65,53, 1, 2, 0
.i, 2, 2,  66,79, 1, 2, 4
.i, 1, 2,  67,34, 1, 1, 1
 2, 0, 2,  68,59, 2, 2, 1
.i, 0, 2,  69,32, 2, 2, 4
 3, 1, 2,  70,33, 2, 2, 3
 1, 0, 2,  71,35, 1, 1, 1
 3, 0, 2,  72,37, 1, 2, 2
.i, 3, 2,  73,28, 2, 3, 3
 1, 1, 2,  74,42, 2, 1, 4
 2, 7, 2,  75,21, 1, 1, 1
.i, 3, 2,  76,33, 2, 2, 2
 2, 3, 2,  77,37, 2, 1, 3
 2, 3, 2,  78,89, 2, 1, 0
 2, 3, 2,  79,47, 2, 3, 2
.n,.n, 2,  80,63, 2, 3, 0
.i, 2, 2,  81,71, 2, 2, 3
.i, 1, 2,  82,42, 2, 2, 1
 3, 1, 2,  83,37, 2, 3, 1
.i, 1, 2,  84,40, 2, 1, 1
 2, 5, 2,  85,70, 1, 1, 1
 2, 1, 2,  86,28, 1, 2, 3
 2, 0, 2,  87,53, 2, 3, 1
 2, 0, 2,  88,46, 1, 1, 1
 1, 0, 2,  89,55, 1, 1, 4
 2, 1, 2,  90,28, 1, 3, 4
 2, 2, 2,  91,42, 1, 1, 4
.i, 0, 2,  92,77, 2, 1, 4
 1, 3, 2,  93,29, 1, 3, 4
 2, 2, 2,  94,62, 2, 2, 0
.i, 2, 2,  95,30, 2, 2, 3
 2, 1, 2,  96,22, 1, 2, 1
 2, 0, 2,  97,69, 2, 2, 1
.i, 0, 2,  98,45, 1, 2, 3
 2, 1, 2,  99,32, 2, 3, 1
 2, 4, 2, 100,60, 2, 1, 0
.i, 4, 2, 101,48, 1, 3, 0
.i, 1, 2, 102,81, 2, 3, 1
 1, 2, 2, 103,50, 1, 3, 4
 1, 4, 2, 104,78, 2, 1, 1
 3, 0, 2, 105,56, 1, 1, 4
.i, 4, 2, 106,60, 1, 1, 1
 1, 5, 2, 107,23, 1, 1, 1
 1, 3, 2, 108,67, 2, 1, 1
 1, 3, 2, 109,54, 2, 1, 3
 2, 3, 2, 110,62, 2, 1, 2
 1, 0, 2, 111,55, 2, 1, 2
 2, 1, 2, 112,56, 2, 1, 1
 1, 0, 2, 113,58, 1, 1, 2
 2, 1, 2, 114,74, 2, 1, 1
 1, 1, 2, 115,70, 1, 1, 3
.i, 7, 2, 116,35, 1, 1, 3
 2, 1, 2, 117,65, 1, 2, 0
 2, 3, 1, 118,42, 2, 1, 2
 2, 5, 1, 119,48, 2, 1, 1
.i, 4, 1, 120,32, 1, 1, 1
 3, 4, 1, 121,56, 2, 1, 1
.i, 3, 1, 122,61, 2, 1, 1
 1, 0, 9, 123,76, 2, 1, 3
 1, 2, 9, 124,59, 2, 1, 3
.i, 0, 9, 125,69, 1, 1, 3
 2, 1, 9, 126,48, 1, 3, 4
.i, 6, 9, 127,68, 2, 1, 4
 3, 1, 9, 128,39, 2, 1, 3
.i, 1, 9, 129,38, 1, 1, 4
 2, 0, 9, 130,39, 2, 1, 4
 2, 3, 9, 131,52, 2, 1, 1
.i, 1, 9, 132,41, 2, 1, 4
 1, 0, 9, 133,60, 1, 1, 3
 2, 0, 9, 134,69, 1, 1, 1
 2, 0, 9, 135,60, 1, 1, 1
 1, 3, 9, 136,22, 2, 3, 1
.i, 3, 9, 137,33, 1, 3, 1
 1, 3, 9, 138,35, 2, 3, 3
 2, 2, 9, 139,38, 2, 1, 0
.i, 4, 9, 140,25, 2, 1, 1
 3, 6, 9, 141,55, 1, 1, 2
 1, 1, 9, 142,34, 1, 1, 1
.i, 3, 9, 143,49, 1, 3, 0
 3, 3, 9, 144,18, 1, 2, 1
 1, 0, 9, 145,56, 1, 3, 1
.i, 4, 9, 146,19, 1, 2, 1
 3, 1, 9, 147,34, 1, 2, 1
 3, 3, 9, 148,26, 2, 2, 3
.i, 3, 9, 149,28, 1, 1, 1
 2, 0, 9, 150,59, 2, 1, 4
 1, 2, 9, 151,39, 2, 2, 4
 2, 0, 9, 152,77, 2, 2, 1
 1, 3, 9, 153,35, 2, 2, 1
 1, 3, 9, 154,46, 2, 3, 3
 1, 5, 9, 155,57, 1, 3, 0
 2, 1, 9, 156,35, 2, 3, 0
.i, 5, 9, 157,58, 2, 1, 1
.i, 7, 9, 158,20, 2, 3, 1
 2, 2, 9, 159,48, 2, 3, 0
.i, 3, 9, 160,51, 2, 1, 0
 1, 0, 9, 161,18, 2, 3, 0
 2, 1, 9, 162,18, 2, 1, 1
.i, 1, 9, 163,41, 2, 3, 1
 2, 1, 9, 164,51, 2, 3, 1
.i, 3, 9, 165,41, 2, 1, 0
 2, 2, 9, 166,71, 2, 1, 1
 3, 1, 9, 167,43, 1, 1, 0
.i, 3, 9, 168,53, 1, 3, 3
 1, 1, 9, 169,46, 1, 1, 2
.i, 0, 9, 170,36, 1, 1, 1
 1, 4, 9, 171,19, 1, 1, 1
 2, 2, 9, 172,65, 1, 3, 1
 3, 6, 9, 173,60, 2, 1, 1
 1, 0, 9, 174,63, 2, 1, 3
 1, 0, 9, 175,36, 1, 1, 4
 1, 3, 9, 176,40, 2, 3, 3
.i, 0, 9, 177,42, 2, 1, 4
 3, 4, 9, 178,61, 1, 1, 1
 1, 1, 9, 179,27, 1, 3, 3
.i, 3, 9, 180,52, 1, 1, 1
 1, 3, 9, 181,36, 2, 2, 1
 1, 2, 9, 182,74, 2, 1, 1
.i, 0, 9, 183,36, 1, 1, 4
 2, 0, 9, 184,34, 1, 1, 4
.i, 2, 9, 185,46, 1, 3, 3
 1, 0, 9, 186,21, 2, 1, 1
 2, 2, 9, 187,72, 2, 1, 0
.i, 1, 9, 188,46, 1, 3, 3
 1,.n, 9, 189,21, 2, 1, 1
 2, 4, 9, 190,46, 1, 3, 1
 2, 6, 9, 191,53, 1, 3, 1
 2, 5, 9, 192,74, 2, 1, 4
 1, 2, 9, 193,70, 1, 1, 0
.i, 4, 9, 194,36, 2, 3, 3
 3, 6, 9, 195,57, 1, 1, 0
.i, 4, 9, 196,60, 1, 1, 3
 3, 6, 9, 197,53, 2, 3, 0
.i, 1, 9, 198,69, 1, 1, 1
 2, 1, 9, 199,38, 2, 1, 3
.i, 5, 9, 200,48, 2, 1, 1
.i, 4, 9, 201,30, 1, 3, 3
.i, 1, 9, 202,29, 1, 1, 1
 2, 0, 9, 203,68, 2, 1, 3
.i, 2, 9, 204,64, 2, 1, 1
 1, 3, 9, 205,43, 1, 3, 4
 3, 7, 9, 206,69, 2, 1, 1
.i, 4, 9, 207,47, 1, 1, 1
 3, 7, 9, 208,57, 1, 1, 1
 2, 1, 9, 209,50, 1, 1, 4
 1, 3, 9, 210,25, 2, 3, 1
 2, 0, 9, 211,75, 1, 1, 1
 2, 6, 9, 212,46, 1, 1, 1
.i, 2, 9, 213,77, 2, 1, 0
 1, 0, 9, 214,18, 2, 2, 0
 2, 6, 9, 215,62, 2, 1, 1
.i, 1, 9, 216,30, 2, 1, 2
 2, 0, 9, 217,70, 2, 3, 0
 1, 3, 9, 218,50, 1, 1, 0
.i, 2, 9, 219,44, 2, 3, 1
 3, 3, 9, 220,33, 2, 1, 1
 2, 6, 9, 221,34, 2, 1, 4
 2, 0, 9, 222,46, 2, 1, 3
.i, 1, 9, 223,51, 1, 1, 1
 2, 0, 9, 224,28, 1, 2, 1
.i, 2, 9, 225,74, 1, 3, 3
 1, 3, 9, 226,29, 2, 1, 1
.i, 2, 9, 227,49, 1, 3, 0
 1, 2, 9, 228,28, 2, 1, 3
 2, 4, 9, 229,48, 2, 1, 1
 2, 2, 9, 230,24, 2, 1, 1
 1, 4, 9, 231,51, 2, 3, 1
 1, 6, 9, 232,42, 2, 1, 3
 1, 3, 9, 233,44, 1, 2, 3
.i, 4, 9, 234,33, 2, 1, 1
 2, 5, 9, 235,29, 1, 1, 1
 1, 2, 9, 236,48, 2, 1, 3
.i, 6, 9, 237,62, 2, 1, 0
 2, 6, 9, 238,88, 2, 1, 1
 1, 4, 9, 239,65, 1, 1, 4
.i, 3, 9, 240,28, 2, 1, 1
 2, 5, 9, 241,58, 2, 1, 2
 3, 3, 9, 242,26, 1, 1, 1
 2, 6, 9, 243,61, 2, 1, 1
.i, 3, 9, 244,30, 2, 1, 1
 1, 0, 9, 245,22, 2, 1, 1
.i, 0, 9, 246,24, 2, 3, 1
 3, 3, 9, 247,29, 1, 3, 1
 2, 4, 3, 248,70, 1, 1, 1
 2, 4, 3, 249,34, 1, 1, 4
.i, 4, 3, 250,66, 1, 1, 1
 2, 4, 3, 251,84, 2, 1, 1
 2, 2, 3, 252,37, 1, 1, 3
 1, 3, 3, 253,61, 2, 1, 2
 1, 0, 3, 254,58, 2, 2, 1
.i, 1, 3, 255,88, 1, 2, 0
.i, 3, 3, 256,80, 2, 3, 0
 1, 4, 3, 257,36, 1, 3, 1
.i, 0, 3, 258,33, 2, 1, 3
.i, 4, 3, 259,81, 1, 1, 3
 1, 1, 3, 260,31, 1, 3, 1
.i, 0, 3, 261,69, 2, 1, 3
 2, 0, 3, 262,26, 1, 1, 3
 1, 7, 3, 263,45, 1, 1, 3
 2, 3, 3, 264,54, 2, 1, 3
.i, 4, 3, 265,61, 2, 1, 3
 1, 1, 3, 266,19, 1, 1, 1
 3, 2, 3, 267,58, 1, 1, 3
 2, 2, 3, 268,50, 2, 1, 2
 2, 0, 3, 269,36, 1, 2, 3
.i, 1, 3, 270,27, 2, 1, 1
 3, 2, 3, 271,51, 1, 3, 1
.i, 1, 3, 272,48, 1, 1, 3
 1, 1, 3, 273,29, 2, 1, 1
.i, 0, 3, 274,65, 2, 1, 4
 1, 0, 3, 275,67, 2, 1, 3
 2, 1, 3, 276,53, 1, 1, 3
 1, 0, 3, 277,45, 1, 1, 4
 2, 1, 3, 278,36, 2, 1, 1
 3, 7, 3, 279,60, 1, 1, 1
 2, 1, 3, 280,63, 2, 2, 3
.i, 5, 3, 281,52, 2, 1, 1
 2, 2, 3, 282,34, 1, 1, 1
 2, 5, 3, 283,58, 1, 1, 1
.i, 5, 3, 284,63, 1, 1, 1
 1, 1, 3, 285,71, 2, 1, 3
 2, 1, 3, 286,67, 2, 1, 1
 1, 5, 3, 287,65, 2, 1, 3
.i, 5, 3, 288,39, 2, 1, 1
 3, 3, 3, 289,46, 2, 1, 1
.i, 0, 3, 290,83, 2, 1, 1
 2, 5, 3, 291,59, 1, 1, 3
 2,.n, 3, 292,63, 2, 1, 4
 1, 1, 3, 293,38, 2, 1, 1
.i, 5, 3, 294,50, 1, 1, 1
 2, 3, 3, 295,18, 2, 1, 1
.i, 2, 3, 296,45, 2, 1, 3
 2, 5, 5, 297,18, 2, 1, 0
.i, 0, 5, 298,39, 1, 2, 4
.i, 1, 5, 299,31, 2, 1, 4
 1, 3, 5, 300,44, 2, 2, 3
 1, 0, 5, 301,46, 2, 2, 3
 1, 6, 5, 302,56, 2, 1, 1
.i, 1, 5, 303,37, 1, 1, 1
 1, 2, 5, 304,52, 2, 1, 4
 2, 4, 5, 305,69, 1, 1, 1
.i, 3, 5, 306,34, 1, 3, 1
 2, 4, 5, 307,25, 1, 1, 3
 3, 3, 5, 308,33, 1, 3, 0
 2, 5, 5, 309,45, 2, 1, 1
 1, 4, 5, 310,57, 1, 1, 3
.i, 7, 5, 311,77, 1, 1, 1
.i, 2, 5, 312,29, 1, 3, 3
 1, 0, 5, 313,58, 1, 1, 4
 2, 2, 5, 314,42, 1, 1, 4
.i, 1, 5, 315,65, 1, 1, 1
 3, 4, 5, 316,25, 2, 2, 3
.i, 4, 5, 317,76, 1, 1, 4
 2, 1, 5, 318,73, 2, 2, 1
 2, 5, 5, 319,34, 2, 1, 4
.i, 0, 5, 320,51, 1, 2, 1
 1, 6, 5, 321,78, 2, 1, 1
.i, 2, 5, 322,53, 1, 2, 1
.i, 1, 5, 323,83, 1, 2, 0
 1, 1, 5, 324,58, 2, 2, 0
 2, 6, 5, 325,73, 1, 2, 0
 1, 5, 5, 326,83, 2, 1, 1
.i, 2, 5, 327,86, 1, 2, 1
 3, 0, 5, 328,70, 2, 3, 1
 2, 1, 5, 329,31, 2, 2, 3
 1, 1, 5, 330,24, 2, 2, 3
 1, 0, 5, 331,42, 1, 1, 2
 1, 1, 5, 332,34, 2, 1, 4
 3, 3, 5, 333,70, 2, 1, 4
 2, 4, 5, 334,37, 2, 1, 1
.i, 6, 5, 335,70, 1, 1, 4
.i, 5, 5, 336,71, 1, 1, 1
 1, 5, 5, 337,26, 2, 1, 4
 1, 0, 5, 338,54, 1, 1, 4
 1, 2, 5, 339,40, 2, 1, 3
 1, 4, 5, 340,56, 2, 1, 3
 1, 5, 5, 341,60, 1, 1, 4
.i, 7, 5, 342,72, 1, 1, 3
 1, 3, 5, 343,35, 2, 2, 3
 1, 6, 5, 344,55, 1, 1, 4
.i, 0, 5, 345,28, 2, 2, 2
 2, 0, 5, 346,77, 2, 1, 1
 1, 0, 5, 347,30, 2, 2, 1
.i, 2, 5, 348,67, 2, 1, 1
.i, 1, 5, 349,53, 2, 2, 1
 2, 1, 5, 350,37, 2, 2, 1
 2, 2, 5, 351,51, 2, 2, 4
.i, 3, 5, 352,35, 2, 2, 1
 2, 4, 5, 353,60, 2, 1, 4
.i, 1, 5, 354,68, 1, 3, 4
.i, 0, 5, 355,43, 1, 1, 4
 2, 0, 5, 356,36, 2, 3, 1
 1, 0, 5, 357,34, 2, 2, 0
 2, 3, 5, 358,39, 1, 2, 4
.i, 6, 5, 359,52, 1, 1, 2
 2, 4, 5, 360,70, 1, 1, 1
 2, 6, 5, 361,60, 1, 1, 1
.i, 7, 5, 362,61, 2, 1, 1
 2, 5, 5, 363,32, 2, 1, 1
.i, 5, 5, 364,40, 2, 1, 3
 2, 6, 5, 365,44, 1, 1, 2
 1, 0, 1, 366,67, 2, 2, 0
.i, 0, 1, 367,70, 2, 1, 4
 1, 2, 1, 368,27, 2, 1, 3
 1, 2, 1, 369,30, 2, 1, 4
.i, 4, 1, 370,61, 1, 1, 1
.i, 5, 1, 371,30, 1, 1, 3
 2, 0, 1, 372,38, 1, 1, 3
.i, 0, 1, 373,27, 2, 1, 3
 2, 1, 1, 374,67, 2, 1, 2
.i, 5, 1, 375,45, 1, 1, 3
 2, 2, 1, 376,68, 2, 1, 2
 1, 2, 1, 377,18, 2, 1, 1
.i, 3, 1, 378,77, 2, 1, 1
.i, 4, 1, 379,78, 2, 1, 3
 1, 0, 1, 380,61, 2, 1, 3
 1, 3, 1, 381,72, 1, 1, 1
 1, 5, 1, 382,89, 2, 1, 1
.i, 2, 1, 383,75, 2, 1, 3
 1, 1, 1, 384,48, 1, 3, 3
.i, 0, 1, 385,48, 2, 1, 4
.i, 0, 1, 386,41, 2, 1, 3
 1, 3, 1, 387,30, 2, 1, 3
.i, 7, 1, 388,29, 2, 1, 4
 2, 0, 1, 389,38, 1, 2, 2
 1, 3, 1, 390,76, 2, 2, 1
 3, 3, 1, 391,55, 2, 3, 1
 2, 0, 1, 392,28, 1, 1, 4
.i, 1, 1, 393,18, 2, 2, 0
 1, 2, 1, 394,24, 2, 3, 4
.i, 1, 1, 395,34, 1, 1, 0
 1, 6, 1, 396,77, 2, 1, 1
 2, 4, 1, 397,89, 1, 1, 1
 2, 0, 1, 398,69, 1, 1, 4
.i, 2, 1, 399,70, 1, 1, 1
.i, 3, 1, 400,71, 2, 1, 3
 2, 3, 1, 401,34, 1, 1, 3
 2, 3, 1, 402,77, 2, 3, 1
 1, 3, 1, 403,20, 2, 1, 1
 1, 5, 1, 404,38, 2, 1, 0
.i, 4, 1, 405,29, 2, 1, 1
 2, 4, 1, 406,69, 1, 1, 1
.i, 2, 1, 407,36, 2, 1, 1
 1,.n, 1, 408,43, 2, 3, 1
 1, 3, 1, 409,64, 2, 1, 1
.i, 4, 1, 410,53, 1, 1, 1
 1, 3, 1, 411,69, 2, 1, 1
.i, 1, 1, 412,39, 2, 1, 1
.i, 3, 1, 413,57, 1, 1, 1
 1, 6, 1, 414,63, 2, 1, 2
.d, 3, 1, 415,75, 2, 1, 0
.i, 2, 1, 416,32, 1, 1, 3
 3, 3, 1, 417,46, 1, 1, 1
 1, 3, 1, 418,41, 1, 1, 1
 1, 0, 1, 419,.n, 2, 3, 2
.i, 2, 1, 420,49, 2, 1, 3
 1, 6, 1, 421,65, 1, 1, 2
 1, 1, 1, 422,59, 2, 1, 2
 3, 4, 1, 423,47, 1, 1, 1
 2, 1, 1, 424,27, 2, 3, 1
 3, 3, 1, 425,57, 2, 1, 1
 1, 4, 1, 426,74, 2, 1, 4
 1, 5, 9, 427,51, 2, 1, 4
.i, 1, 9, 428,44, 1, 3, 4
 1, 0, 9, 429,46, 2, 1, 3
.i, 1, 9, 430,42, 2, 3, 1
 2, 0, 9, 431,65, 2, 1, 3
 2, 5, 9, 432,36, 1, 1, 3
 1, 0, 9, 433,80, 2, 1, 4
 3, 3, 9, 434,32, 2, 3, 3
.i, 0, 9, 435,89, 1, 1, 0
.i, 7, 9, 436,40, 2, 3, 3
.i, 0, 9, 437,88, 2, 1, 0
 2, 6, 9, 438,59, 2, 1, 3
 1, 4, 9, 439,55, 2, 1, 4
 2, 4, 9, 440,31, 2, 2, 1
 1, 2, 9, 441,31, 1, 3, 4
 3, 0, 9, 442,35, 2, 1, 3
 2, 7, 9, 443,32, 2, 3, 3
.i, 0, 9, 444,48, 2, 3, 1
 3, 3, 9, 445,24, 2, 2, 1
 1, 4, 9, 446,22, 1, 3, 1
 2, 1, 9, 447,37, 2, 3, 1
.i, 2, 9, 448,34, 2, 2, 3
 1, 1, 9, 449,89, 2, 1, 1
 1, 1, 9, 450,55, 2, 2, 0
.i, 0, 9, 451,46, 1, 2, 1
 2, 1, 9, 452,29, 2, 1, 3
 3, 3, 9, 453,83, 2, 3, 0
 1, 0, 9, 454,33, 2, 1, 3
.i, 0, 9, 455,46, 2, 2, 4
.i, 1, 9, 456,19, 1, 3, 1
 2, 2, 9, 457,65, 1, 2, 3
 1, 5, 9, 458,37, 2, 3, 1
.i, 7, 9, 459,64, 2, 1, 1
 1, 1, 9, 460,22, 2, 1, 2
 2, 0, 9, 461,28, 1, 1, 3
 3, 4, 9, 462,24, 2, 3, 3
 2, 3, 9, 463,43, 1, 1, 2
 2, 2, 9, 464,32, 1, 1, 3
.i, 2, 9, 465,76, 2, 1, 3
 1, 3, 9, 466,21, 2, 1, 1
 3, 1, 9, 467,48, 2, 3, 2
 2, 5, 9, 468,76, 1, 1, 1
.i, 4, 9, 469,55, 2, 1, 3
 2, 7, 9, 470,70, 2, 1, 1
.i, 0, 9, 471,66, 2, 1, 4
 2, 1, 9, 472,37, 2, 3, 4
.i, 0, 9, 473,70, 2, 1, 4
 3, 1, 9, 474,43, 1, 1, 4
 1, 3, 9, 475,19, 2, 3, 0
 2, 0, 9, 476,70, 1, 1, 1
 1, 2, 7, 477,40, 2, 1, 4
 2, 1, 7, 478,59, 1, 3, 3
.i, 6, 7, 479,70, 2, 1, 1
 2, 2, 7, 480,31, 1, 1, 1
 2, 5, 7, 481,51, 2, 3, 4
 3, 2, 7, 482,32, 2, 2, 1
.i,.n, 7, 483,60, 2, 1, 1
 2, 4, 7, 484,27, 1, 1, 1
.i, 4, 7, 485,89, 1, 1, 3
 1, 0, 7, 486,50, 2, 2, 1
.i, 0, 7, 487,44, 2, 2, 3
 2, 2, 7, 488,85, 2, 1, 1
 2, 2, 7, 489,33, 1, 1, 0
 2, 0, 7, 490,31, 2, 1, 1
 2, 5, 7, 491,46, 2, 1, 3
 1, 0, 7, 492,72, 1, 1, 4
 1, 0, 7, 493,50, 2, 1, 4
 2, 6, 7, 494,66, 1, 1, 4
 1, 6, 7, 495,35, 2, 1, 3
.i, 0, 7, 496,35, 2, 2, 0
 3, 4, 7, 497,33, 2, 2, 1
 2, 3, 7, 498,66, 2, 1, 0
 3, 3, 7, 499,53, 1, 1, 0
.i,.n, 7, 500,37, 2, 2, 3
 2, 2, 7, 501,33, 1, 1, 1
.i, 2, 7, 502,28, 1, 2, 3
 1, 5, 7, 503,30, 2, 1, 3
 3, 4, 7, 504,37, 1, 1, 1
 2, 1, 7, 505,38, 1, 3, 1
 1, 6, 7, 506,84, 1, 1, 1
 2, 3, 7, 507,66, 1, 1, 4
.i, 1, 7, 508,29, 2, 3, 3
 1, 2, 7, 509,39, 1, 1, 4
 2, 2, 7, 510,33, 2, 2, 3
 1, 2, 7, 511,68, 2, 3, 4
.i, 3, 7, 512,70, 2, 1, 3
.i, 3, 7, 513,50, 1, 1, 3
.i, 3, 7, 514,54, 1, 1, 3
.i, 5, 7, 515,45, 1, 1, 3
 2, 5, 7, 516,48, 2, 1, 1
 1, 5, 7, 517,73, 1, 1, 3
.i, 1, 7, 518,77, 2, 1, 3
 1, 1, 7, 519,59, 2, 1, 3
 2, 6, 7, 520,72, 1, 1, 1
 2, 5, 7, 521,68, 1, 1, 3
 2, 6, 7, 522,60, 2, 1, 1
 2, 7, 7, 523,63, 1, 1, 1
.i,.n, 7, 524,45, 1, 1, 1
 3, 5, 7, 525,35, 2, 1, 1
 1, 3, 7, 526,22, 2, 1, 1
.i, 3, 7, 527,36, 2, 1, 1
 2, 5, 7, 528,76, 2, 1, 1
.i, 5, 7, 529,61, 2, 1, 1
 2, 2, 7, 530,56, 2, 1, 1
.i, 0, 7, 531,26, 2, 2, 1
 1, 0, 7, 532,59, 1, 2, 1
 2, 2, 7, 533,55, 1, 2, 1
 1, 6, 7, 534,57, 1, 1, 4
.i, 6, 7, 535,59, 2, 1, 1
 2, 7, 7, 536,33, 2, 1, 1
 2, 3, 7, 537,75, 2, 3, 0
.i, 5, 7, 538,61, 1, 1, 3
 2, 4, 7, 539,39, 2, 1, 1
.i, 4, 7, 540,38, 2, 1, 1
 1, 2, 7, 541,49, 2, 1, 4
 2, 4, 7, 542,71, 1, 1, 3
.i, 0, 7, 543,47, 1, 2, 3
 1, 2, 7, 544,52, 1, 3, 1
 2, 3, 7, 545,35, 2, 1, 2
 2, 6, 7, 546,54, 2, 1, 1
.i, 5, 7, 547,39, 2, 1, 1
.i, 1, 7, 548,70, 1, 2, 0
.i, 0, 7, 549,78, 2, 2, 0
.i, 2, 5, 550,74, 2, 1, 4
.i, 3, 5, 551,65, 1, 1, 3
 2, 1, 5, 552,61, 1, 1, 1
.i, 5, 2, 553,53, 2, 1, 3
 1, 1, 2, 554,21, 2, 3, 1
 1, 7, 2, 555,41, 2, 1, 3
.i, 6, 2, 556,62, 2, 1, 2
 2, 5, 2, 557,71, 1, 1, 3
 1, 1, 2, 558,89, 1, 1, 3
 2, 1, 2, 559,66, 1, 1, 3
 1, 0, 2, 560,28, 1, 1, 4
 1, 0, 2, 561,85, 2, 1, 4
 1, 0, 2, 562,70, 1, 1, 1
.i, 7, 2, 563,29, 2, 3, 3
.i,.n, 2, 564,39, 1, 3, 3
 1, 1, 2, 565,28, 1, 1, 1
 2, 0, 2, 566,74, 2, 1, 3
 1, 1, 2, 567,53, 2, 1, 3
.i, 0, 2, 568,66, 1, 1, 4
 2, 2, 2, 569,67, 1, 1, 3
 2, 3, 2, 570,.n, 2, 3, 3
 2, 0, 2, 571,28, 2, 1, 4
 2, 5, 2, 572,23, 2, 1, 3
 1, 0, 2, 573,37, 1, 1, 4
 1, 1, 2, 574,27, 1, 2, 1
 3, 1, 2, 575,32, 2, 2, 2
.i, 1, 2, 576,40, 2, 2, 1
 2, 1, 2, 577,22, 2, 1, 3
 2, 0, 2, 578,38, 1, 2, 1
 2, 0, 2, 579,45, 2, 2, 1
.i, 4, 2, 580,63, 1, 1, 1
 3, 1, 2, 581,30, 2, 1, 4
.i, 3, 2, 582,25, 1, 1, 1
 2, 2, 2, 583,44, 2, 3, 1
 1, 4, 2, 584,56, 1, 1, 1
 2, 3, 2, 585,45, 2, 1, 1
 1, 3, 2, 586,27, 2, 3, 0
 2, 1, 2, 587,53, 1, 3, 3
 1, 0, 7, 588,66, 2, 2, 2
.i, 1, 7, 589,48, 2, 2, 3
 2, 0, 7, 590,50, 2, 2, 1
 2, 3, 7, 591,18, 2, 3, 0
 2, 2, 7, 592,51, 1, 2, 3
 2, 0, 7, 593,63, 2, 2, 1
 2, 1, 7, 594,57, 2, 2, 1
 2, 0, 7, 595,68, 1, 2, 3
 2, 6, 7, 596,64, 1, 1, 1
.i, 4, 7, 597,26, 1, 3, 1
 1, 3, 7, 598,58, 2, 1, 2
 2, 0, 7, 599,53, 2, 2, 4
 1, 3, 7, 600,28, 1, 3, 1
.i, 1, 7, 601,30, 2, 1, 0
 2, 6, 7, 602,53, 1, 1, 2
 2, 6, 7, 603,56, 1, 1, 1
.i, 3, 7, 604,20, 1, 1, 1
 1, 1, 7, 605,64, 2, 1, 3
.i, 3, 7, 606,40, 1, 3, 1
 2, 3, 7, 607,64, 2, 3, 1
.i, 1, 7, 608,39, 2, 1, 1
 2, 6, 7, 609,42, 2, 1, 0
.i, 4, 7, 610,22, 1, 3, 0
.i, 6, 7, 611,51, 1, 3, 0
 1, 3, 7, 612,40, 2, 3, 0
.i, 3, 7, 613,40, 1, 3, 0
 1, 3, 7, 614,24, 2, 1, 1
 1, 3, 7, 615,27, 2, 1, 0
 1, 1, 7, 616,34, 2, 3, 0
 2, 3, 7, 617,24, 2, 3, 1
 1, 4, 7, 618,34, 2, 3, 1
 2, 2, 7, 619,44, 2, 3, 3
 2, 6, 7, 620,80, 2, 1, 1
 2, 5, 7, 621,61, 2, 1, 3
.i, 2, 7, 622,39, 2, 2, 1
 2, 2, 7, 623,41, 2, 1, 4
.i, 2, 7, 624,34, 1, 3, 1
.i, 4, 7, 625,70, 2, 1, 4
 1, 2, 7, 626,49, 2, 1, 1
 1, 5, 7, 627,59, 2, 3, 4
 3, 2, 7, 628,31, 2, 2, 4
.i, 6, 7, 629,77, 1, 1, 3
.i, 3, 7, 630,40, 2, 1, 3
 2,.n, 5, 631,53, 2, 2, 4
 2, 1, 5, 632,29, 2, 2, 1
 1, 0, 5, 633,39, 2, 2, 1
 1, 1, 5, 634,27, 2, 2, 1
.i, 0, 5, 635,62, 1, 2, 4
 2, 2, 5, 636,48, 2, 2, 1
 1, 2, 5, 637,28, 2, 3, 1
.i, 2, 5, 638,47, 1, 2, 1
 1, 0, 5, 639,42, 2, 2, 1
 3, 5, 5, 640,38, 2, 1, 1
.i, 7, 5, 641,53, 1, 1, 3
 2, 2, 5, 642,40, 1, 2, 1
 1, 6, 5, 643,57, 1, 1, 2
.i, 3, 5, 644,51, 1, 1, 1
 2, 3, 5, 645,60, 2, 1, 2
 1, 5, 5, 646,55, 2, 1, 4
.i, 6, 5, 647,40, 2, 1, 1
 1, 3, 5, 648,25, 1, 1, 0
 1, 2, 5, 649,19, 2, 3, 0
.i, 2, 5, 650,46, 1, 3, 0
 2, 5, 5, 651,60, 2, 2, 0
.i, 3, 5, 652,22, 2, 3, 1
.i, 1, 5, 653,29, 2, 2, 4
 2, 2, 5, 654,28, 1, 2, 3
 1, 0, 5, 655,36, 2, 2, 1
 2, 3, 5, 656,29, 2, 1, 3
 2, 1, 5, 657,40, 1, 2, 1
 1, 3, 5, 658,47, 1, 1, 1
 2, 3, 5, 659,.n, 2, 2, 1
.i, 0, 5, 660,51, 1, 2, 1
 1, 2, 5, 661,63, 1, 1, 1
.i, 2, 5, 662,33, 1, 2, 1
 2, 3, 5, 663,47, 2, 2, 1
.i, 4, 5, 664,26, 2, 3, 1
.i, 0, 5, 665,68, 1, 2, 3
 2, 5, 5, 666,36, 2, 2, 3
 1, 4, 5, 667,34, 1, 1, 2
 2, 1, 5, 668,30, 2, 2, 3
 3, 0, 5, 669,71, 2, 1, 1
 1, 6, 5, 670,28, 2, 1, 1
 2, 0, 5, 671,65, 1, 2, 3
 3, 7, 5, 672,49, 1, 1, 1
 2, 3, 5, 673,32, 1, 1, 1
.i, 1, 5, 674,21, 2, 1, 1
.i, 6, 5, 675,38, 2, 1, 2
 1, 7, 5, 676,22, 1, 1, 1
.i, 1, 5, 677,50, 1, 2, 1
 2, 0, 5, 678,86, 1, 2, 1
 2,.n, 5, 679,59, 2, 3, 1
.i, 3, 5, 680,28, 2, 2, 2
 2, 0, 5, 681,54, 1, 2, 1
 1, 0, 5, 682,71, 2, 2, 3
.i, 4, 5, 683,58, 2, 2, 2
 1, 3, 5, 684,88, 2, 1, 0
 1, 4, 5, 685,34, 1, 1, 1
 1, 3, 5, 686,52, 2, 1, 1
.i, 3, 5, 687,71, 2, 1, 0
.i, 2, 5, 688,21, 2, 3, 1
 3, 3, 5, 689,23, 1, 2, 1
.i, 0, 5, 690,82, 1, 2, 1
 3, 1, 5, 691,34, 1, 2, 1
 3, 1, 5, 692,32, 2, 2, 1
.i, 1, 5, 693,43, 2, 2, 4
.i, 0, 5, 694,75, 2, 2, 1
 2, 4, 5, 695,46, 1, 1, 1
.i, 3, 5, 696,33, 1, 3, 1
 1, 4, 5, 697,79, 2, 3, 0
 1, 3, 5, 698,50, 2, 1, 1
 2, 3, 5, 699,40, 2, 1, 3
 1, 0, 5, 700,89, 2, 2, 0
 1, 3, 5, 701,65, 1, 3, 1
 2, 0, 5, 702,69, 2, 2, 1
 1, 0, 5, 703,73, 1, 2, 1
.i, 1, 5, 704,53, 2, 1, 0
 2, 5, 5, 705,46, 2, 1, 2
.i, 2, 5, 706,56, 2, 1, 1
 2, 6, 5, 707,71, 1, 1, 1
.i, 3, 5, 708,33, 1, 1, 1
 2, 0, 5, 709,68, 2, 1, 1
.i, 7, 5, 710,89, 2, 1, 1
.i, 3, 5, 711,19, 1, 1, 0
 2, 2, 5, 712,26, 1, 2, 3
.i, 5, 5, 713,28, 2, 1, 4
 2, 0, 5, 714,70, 1, 1, 1
 2, 0, 5, 715,38, 2, 2, 0
 1, 5, 3, 716,39, 1, 1, 4
 2, 1, 3, 717,19, 1, 3, 1
 1, 3, 3, 718,45, 1, 1, 4
.i, 0, 3, 719,47, 2, 1, 4
.i, 1, 3, 720,46, 1, 1, 4
 3, 5, 3, 721,19, 2, 1, 0
 2, 1, 3, 722,48, 2, 2, 3
 2, 2, 3, 723,38, 2, 1, 1
 2, 7, 3, 724,24, 1, 2, 3
.i, 0, 3, 725,54, 2, 2, 1
 1, 0, 3, 726,50, 1, 2, 2
 3, 1, 3, 727,48, 1, 2, 1
.i, 1, 3, 728,25, 1, 2, 1
 2, 2, 3, 729,59, 1, 2, 1
 2, 3, 3, 730,25, 1, 2, 1
.i, 1, 3, 731,28, 2, 2, 2
 2, 0, 3, 732,40, 2, 2, 1
 3, 0, 3, 733,73, 2, 1, 4
.i, 4, 3, 734,50, 1, 1, 0
.i, 1, 3, 735,20, 2, 1, 1
 2, 2, 3, 736,43, 1, 1, 1
 1, 6, 3, 737,68, 2, 1, 3
 1, 5, 3, 738,18, 1, 1, 1
 2, 0, 3, 739,54, 2, 2, 1
 2, 3, 3, 740,71, 2, 1, 4
 2, 2, 3, 741,28, 2, 1, 1
 2, 0, 3, 742,46, 1, 2, 3
 1, 3, 3, 743,47, 1, 1, 0
.i, 4, 3, 744,65, 2, 1, 1
 1, 5, 3, 745,18, 1, 1, 1
.i, 0, 3, 746,57, 2, 2, 1
 2, 0, 3, 747,65, 2, 1, 3
 1, 1, 3, 748,25, 2, 2, 1
 2, 0, 3, 749,30, 1, 2, 1
.i, 0, 3, 750,37, 2, 2, 1
 2, 2, 3, 751,68, 2, 1, 1
 1, 0, 3, 752,47, 1, 1, 1
 3, 2, 3, 753,61, 1, 1, 0
 2, 1, 9, 754,23, 1, 3, 1
.i, 7, 9, 755,27, 1, 1, 1
 2, 3, 9, 756,19, 1, 1, 1
.i, 0, 9, 757,54, 1, 1, 3
 2, 0, 9, 758,34, 2, 1, 2
.i, 0, 9, 759,89, 2, 1, 4
.i, 1, 9, 760,34, 1, 3, 1
 2, 6, 9, 761,64, 1, 1, 3
.i, 2, 9, 762,36, 2, 1, 3
 1, 3, 9, 763,42, 2, 1, 3
 3, 3, 9, 764,44, 2, 3, 2
.i, 6, 9, 765,44, 1, 1, 1
 2, 2, 9, 766,43, 1, 1, 3
.i, 2, 9, 767,77, 2, 1, 3
.i,.n, 9, 768,43, 1, 1, 1
 3, 4, 9, 769,36, 1, 1, 1
 2, 0, 9, 770,30, 1, 1, 3
 1, 2, 9, 771,58, 1, 1, 3
.i, 5, 9, 772,89, 2, 1, 3
.i, 3, 9, 773,62, 1, 1, 1
.i, 3, 9, 774,76, 2, 1, 1
 2, 0, 9, 775,51, 2, 1, 2
 1, 1, 9, 776,27, 2, 1, 2
.i, 3, 9, 777,73, 1, 1, 1
 2, 4, 9, 778,28, 1, 1, 0
 2, 1, 9, 779,34, 1, 1, 3
 1, 5, 8, 780,40, 2, 1, 1
 2, 1, 8, 781,35, 2, 1, 3
 3, 5, 8, 782,70, 1, 1, 1
 2, 5, 8, 783,82, 2, 1, 1
.i, 0, 8, 784,52, 2, 1, 2
 2, 2, 8, 785,56, 1, 1, 1
.i, 6, 8, 786,46, 2, 1, 1
 2, 6, 8, 787,33, 2, 1, 1
.i, 5, 8, 788,23, 2, 3, 0
.i, 3, 8, 789,48, 1, 1, 1
 1, 2, 8, 790,55, 1, 1, 2
.i, 1, 8, 791,56, 2, 1, 1
 2, 5, 8, 792,74, 2, 1, 3
.i, 5, 8, 793,28, 2, 1, 1
 1, 3, 8, 794,24, 2, 2, 1
 3, 2, 8, 795,62, 1, 2, 3
 2, 0, 8, 796,74, 2, 2, 2
 2, 5, 8, 797,24, 2, 3, 1
.i, 0, 8, 798,29, 2, 2, 1
 2, 1, 8, 799,59, 2, 1, 1
.i, 0, 8, 800,73, 1, 1, 2
 2, 1, 8, 801,65, 1, 3, 0
 2, 4, 8, 802,19, 2, 1, 1
.i, 3, 8, 803,22, 2, 3, 1
 2, 4, 8, 804,40, 1, 1, 3
.i, 1, 8, 805,48, 1, 3, 0
 2, 1, 8, 806,61, 1, 2, 1
.i, 2, 8, 807,49, 2, 1, 4
 2, 2, 8, 808,39, 1, 3, 1
 2, 2, 8, 809,45, 2, 3, 2
 2, 7, 8, 810,60, 1, 1, 1
 1, 2, 8, 811,32, 1, 1, 3
 1, 2, 8, 812,39, 1, 1, 3
 3, 2, 8, 813,52, 2, 2, 3
 3, 2, 8, 814,44, 2, 3, 1
 2, 0, 4, 815,59, 2, 2, 1
 2, 0, 4, 816,46, 2, 1, 1
.i, 6, 4, 817,63, 1, 1, 1
 1, 3, 4, 818,26, 1, 2, 1
 1, 3, 4, 819,31, 1, 3, 1
 2, 2, 4, 820,19, 1, 2, 1
 3, 3, 4, 821,40, 2, 1, 4
 2, 0, 4, 822,64, 1, 2, 1
 3, 4, 4, 823,25, 1, 1, 1
 1, 3, 4, 824,56, 1, 1, 1
 1, 3, 4, 825,41, 2, 1, 2
 2, 4, 4, 826,54, 2, 2, 3
.i, 5, 4, 827,40, 1, 1, 1
.i, 5, 4, 828,64, 1, 1, 3
 2, 4, 4, 829,56, 2, 1, 3
 2,.n, 4, 830,71, 2, 1, 1
 1, 1, 4, 831,50, 1, 1, 3
 2,.n, 4, 832,69, 1, 1, 1
 2, 4, 4, 833,49, 1, 1, 1
 2, 6, 3, 834,61, 1, 1, 1
 3, 4, 3, 835,38, 2, 1, 2
 2, 1, 3, 836,74, 1, 1, 3
 2, 7, 3, 837,40, 2, 1, 1
.i, 3, 9, 838,34, 1, 3, 1
 1, 3, 9, 839,41, 1, 3, 2
 1, 6, 9, 840,78, 1, 1, 0
.i, 3, 9, 841,47, 2, 3, 0
 1, 0, 9, 842,50, 2, 1, 1
 2, 2, 9, 843,41, 2, 1, 1
.i, 0, 9, 844,63, 2, 1, 2
 1, 6, 9, 845,56, 1, 1, 1
.i, 5, 9, 846,18, 2, 1, 1
 2, 3, 9, 847,25, 1, 3, 1
 3, 1, 9, 848,55, 2, 1, 2
.i, 1, 9, 849,58, 1, 1, 1
 2, 1, 9, 850,39, 2, 1, 2
 2, 4, 9, 851,42, 2, 3, 3
 2, 3, 9, 852,25, 1, 3, 1
 2, 2, 9, 853,76, 2, 1, 0
.i, 3, 9, 854,53, 2, 3, 3
.i, 0, 9, 855,57, 1, 1, 1
 1, 5, 8, 856,53, 2, 1, 2
.i, 4, 8, 857,63, 1, 1, 1
 2, 4, 8, 858,62, 2, 1, 3
 2, 0, 8, 859,56, 2, 2, 3
 2, 1, 8, 860,70, 1, 2, 1
 3, 3, 8, 861,35, 1, 2, 3
.i, 3, 8, 862,64, 2, 1, 3
 2, 7, 8, 863,32, 1, 1, 1
 1, 6, 8, 864,27, 2, 1, 3
 2, 6, 8, 865,67, 1, 2, 1
.i, 4, 8, 866,27, 2, 1, 1
 3, 7, 8, 867,31, 1, 1, 1
 1, 6, 8, 868,79, 2, 1, 1
 3, 7, 8, 869,41, 2, 1, 1
.i, 1, 8, 870,29, 2, 1, 1
 3, 3, 8, 871,42, 2, 2, 0
 2, 2, 8, 872,89, 2, 1, 1
.i, 6, 8, 873,52, 2, 1, 3
.i, 2, 8, 874,78, 1, 1, 3
 2, 6, 8, 875,77, 1, 1, 1
 1, 0, 8, 876,42, 2, 1, 3
.i, 6, 8, 877,45, 1, 1, 3
 2, 3, 8, 878,64, 2, 1, 4
 3, 7, 8, 879,83, 2, 1, 1
.i, 0, 8, 880,49, 2, 1, 4
 1, 5, 3, 881,31, 2, 1, 3
 1, 5, 3, 882,42, 2, 1, 3
.i, 3, 3, 883,25, 2, 1, 1
 2, 5, 3, 884,47, 1, 1, 3
.i, 4, 3, 885,48, 2, 1, 2
 3, 5, 3, 886,53, 2, 1, 1
 1, 1, 3, 887,57, 1, 1, 3
.i, 3, 3, 888,84, 2, 1, 1
 2, 1, 3, 889,83, 2, 1, 1
 1, 2, 3, 890,68, 2, 1, 3
 2, 5, 3, 891,64, 1, 1, 1
.i, 0, 3, 892,63, 2, 1, 3
 2, 1, 3, 893,70, 2, 1, 1
 2, 2, 3, 894,21, 1, 2, 1
 3, 3, 3, 895,29, 1, 2, 1
.i, 2, 3, 896,56, 1, 2, 0
.i, 1, 3, 897,27, 1, 2, 1
 3, 2, 3, 898,53, 2, 1, 0
 2, 3, 3, 899,68, 1, 1, 1
.i, 2, 3, 900,44, 1, 1, 1
 2, 0, 3, 901,68, 2, 1, 0
 2, 1, 3, 902,39, 1, 1, 1
 2, 5, 3, 903,57, 1, 1, 1
 3, 3, 4, 904,25, 1, 2, 1
.i, 3, 4, 905,42, 2, 2, 1
 2, 3, 4, 906,25, 1, 2, 1
 1, 3, 4, 907,19, 2, 2, 1
.i,.n, 4, 908,66, 2, 2, 1
.i, 3, 4, 909,74, 1, 2, 2
 3, 7, 4, 910,69, 2, 3, 4
 1, 2, 4, 911,26, 2, 2, 1
.i, 1, 4, 912,69, 1, 2, 1
 1, 1, 4, 913,27, 2, 1, 1
 2, 3, 4, 914,53, 1, 1, 1
 1, 3, 4, 915,35, 1, 1, 1
.i, 1, 4, 916,32, 2, 1, 1
 2, 7, 4, 917,19, 2, 1, 1
 2, 5, 4, 918,56, 1, 1, 1
 2, 3, 4, 919,69, 1, 1, 2
 2, 2, 4, 920,66, 2, 1, 1
 1, 7, 4, 921,69, 2, 1, 3
.i, 3, 4, 922,43, 1, 1, 1
 2, 6, 4, 923,43, 2, 1, 1
.i, 5, 4, 924,44, 2, 1, 3
.i, 0, 4, 925,58, 1, 1, 3
 1, 7, 4, 926,38, 1, 1, 1
.i, 4, 4, 927,49, 2, 1, 3
 2, 5, 5, 928,51, 1, 1, 1
 2, 6, 5, 929,59, 2, 1, 4
.i, 1, 5, 930,68, 1, 1, 2
 1, 5, 5, 931,73, 1, 1, 4
 1, 5, 5, 932,67, 1, 1, 4
.i, 5, 5, 933,70, 1, 1, 4
 1, 6, 5, 934,61, 2, 1, 3
 2, 4, 5, 935,50, 2, 1, 2
 1, 0, 5, 936,67, 1, 1, 3
.i, 7, 5, 937,39, 1, 1, 4
 2, 4, 5, 938,48, 2, 1, 4
.i, 6, 5, 939,19, 2, 1, 1
 1, 2, 5, 940,58, 1, 1, 1
 1, 2, 5, 941,54, 2, 2, 2
 2, 2, 5, 942,20, 1, 1, 0
 1, 0, 5, 943,89, 2, 1, 1
.i, 7, 5, 944,44, 2, 1, 0
 1, 3, 5, 945,59, 1, 2, 1
 2, 2, 5, 946,47, 2, 3, 3
.i, 5, 5, 947,46, 2, 1, 4
 1, 3, 5, 948,55, 1, 3, 1
 2, 6, 5, 949,65, 1, 2, 1
.i, 3, 5, 950,23, 2, 1, 2
 2, 1, 5, 951,28, 2, 1, 0
.i, 4, 5, 952,76, 2, 1, 3
 1, 0, 5, 953,45, 1, 1, 3
 2, 3, 5, 954,40, 2, 1, 0
.i, 6, 5, 955,77, 2, 1, 1
 1, 2, 5, 956,74, 1, 1, 4
 3, 6, 5, 957,79, 2, 1, 0
.i, 1, 5, 958,70, 1, 1, 0
 1, 1, 5, 959,61, 1, 1, 0
 1, 3, 5, 960,49, 1, 3, 0
.i, 3, 5, 961,38, 1, 1, 3
 2, 5, 5, 962,25, 2, 1, 3
 3, 1, 5, 963,36, 1, 2, 1
 1, 6, 5, 964,75, 2, 1, 3
 2, 4, 5, 965,22, 1, 1, 1
.i, 6, 5, 966,45, 1, 1, 1
 1, 5, 5, 967,26, 2, 3, 1
.i, 0, 5, 968,40, 1, 2, 1
 3, 3, 5, 969,26, 2, 2, 1
 3, 1, 5, 970,60, 2, 3, 0
 3, 4, 5, 971,32, 1, 1, 1
 1, 1, 5, 972,54, 2, 1, 1
 2, 3, 5, 973,27, 1, 1, 0
 2, 3, 5, 974,27, 2, 2, 2
.i, 1, 5, 975,34, 1, 1, 1
 2, 4, 5, 976,37, 2, 1, 3
 2, 4, 5, 977,41, 1, 1, 3
 2, 4, 5, 978,32, 2, 1, 1
.i, 1, 5, 979,43, 1, 1, 4
 1, 4, 5, 980,42, 1, 1, 4
 2, 4, 5, 981,57, 1, 1, 3
.i, 1, 5, 982,43, 2, 1, 3
 2, 5, 5, 983,41, 1, 1, 4
.i, 1, 5, 984,77, 1, 3, 1
 2, 1, 5, 985,46, 1, 1, 3
.i, 5, 5, 986,50, 2, 1, 4
.i, 5, 5, 987,25, 1, 1, 3
 2, 5, 5, 988,37, 2, 1, 3
 2, 6, 9, 989,60, 2, 1, 1
 2, 5, 9, 990,57, 1, 1, 1
.i, 3, 9, 991,38, 2, 3, 1
 3, 3, 9, 992,25, 1, 1, 1
.i, 0, 9, 993,34, 1, 1, 3
 2, 6, 9, 994,65, 1, 1, 1
.i, 3, 9, 995,34, 2, 1, 1
 2, 7, 9, 996,34, 2, 1, 1
 2, 3, 9, 997,40, 2, 1, 1
 2, 1, 9, 998,26, 2, 1, 1
 2, 2, 9, 999,23, 2, 1, 1
.i, 4, 9,1000,24, 2, 1, 1
 2, 7, 9,1001,28, 2, 1, 2
 2, 1, 9,1002,56, 2, 1, 2
 1, 6, 9,1003,84, 1, 1, 3
 1, 2, 9,1004,42, 2, 1, 3
 2, 2, 9,1005,44, 1, 3, 3
 2,.n, 9,1006,51, 1, 3, 4
 1, 2, 9,1007,61, 1, 2, 3
 2, 1, 9,1008,37, 2, 1, 3
 2, 5, 9,1009,39, 1, 1, 3
 2, 4, 9,1010,65, 1, 3, 4
.i, 0, 2,1011,39, 2, 1, 1
 1, 5, 2,1012,26, 2, 2, 1
 2, 6, 2,1013,55, 2, 1, 3
.i, 6, 2,1014,51, 2, 1, 4
 1, 1, 2,1015,50, 2, 1, 3
 1, 4, 2,1016,61, 1, 1, 2
.i, 5, 2,1017,19, 2, 1, 1
 3, 0, 2,1018,42, 2, 2, 1
.i, 2, 2,1019,30, 1, 3, 1
 2, 0, 2,1020,60, 2, 1, 4
 1, 0, 2,1021,46, 2, 2, 2
 1, 1, 2,1022,35, 2, 1, 1
.i, 0, 2,1023,75, 2, 2, 1
 1, 2, 2,1024,35, 2, 1, 0
.i, 5, 2,1025,34, 1, 1, 3
 2, 6, 2,1026,58, 1, 1, 2
.i, 6, 2,1027,55, 1, 1, 1
 2, 2, 2,1028,86, 1, 1, 3
.i, 6, 2,1029,54, 1, 1, 1
 3, 5, 2,1030,44, 2, 1, 3
.i, 4, 2,1031,55, 1, 1, 1
 1, 1, 2,1032,58, 2, 1, 2
 1, 6, 2,1033,54, 1, 1, 1
 2, 4, 2,1034,31, 2, 1, 3
.i, 4, 2,1035,51, 1, 1, 2
 1, 2, 2,1036,39, 1, 1, 0
 2, 1, 2,1037,86, 2, 1, 1
 1, 5, 2,1038,54, 1, 1, 3
.i, 3, 2,1039,26, 1, 2, 1
.i, 2, 5,1040,37, 2, 1, 4
 2, 5, 5,1041,45, 1, 1, 3
.i, 1, 5,1042,70, 2, 2, 1
.i, 2, 5,1043,43, 1, 3, 4
 1, 3, 5,1044,23, 1, 1, 1
.i, 0, 5,1045,42, 2, 3, 3
.i, 2, 5,1046,86, 2, 1, 2
 2, 6, 5,1047,72, 2, 1, 1
 1, 1, 5,1048,55, 2, 1, 4
 1, 1, 5,1049,69, 1, 2, 0
 1, 0, 5,1050,89, 2, 2, 0
.i, 0, 5,1051,68, 1, 2, 0
 2, 6, 5,1052,45, 2, 1, 1
.i, 1, 6,1053,18, 2, 1, 1
 1, 0, 6,1054,22, 1, 1, 1
 2, 4, 6,1055,66, 2, 1, 1
.i, 0, 6,1056,66, 1, 1, 1
 2, 4, 6,1057,21, 1, 1, 0
 1, 5, 3,1058,65, 1, 1, 1
.i, 7, 3,1059,29, 1, 1, 1
 3, 2, 3,1060,50, 2, 1, 1
.i, 5, 3,1061,65, 1, 1, 1
 2, 3, 3,1062,53, 1, 1, 0
.i, 4, 3,1063,32, 2, 1, 1
 3, 6, 3,1064,47, 2, 1, 1
.i, 1, 3,1065,58, 1, 3, 1
 1, 5, 3,1066,44, 2, 1, 1
 3, 4, 3,1067,50, 1, 1, 0
 1, 4, 3,1068,51, 1, 1, 2
.i, 5, 3,1069,53, 2, 3, 1
 3, 1, 3,1070,44, 2, 2, 2
 2, 6, 3,1071,40, 1, 1, 1
 2, 3, 3,1072,56, 2, 2, 0
 1, 0, 3,1073,52, 2, 2, 1
.i, 0, 3,1074,65, 2, 2, 1
 2, 4, 7,1075,37, 2, 1, 1
 1, 4, 7,1076,50, 1, 1, 3
 2, 5, 7,1077,27, 2, 1, 1
.i, 0, 7,1078,49, 2, 1, 3
 1, 4, 7,1079,41, 1, 1, 0
.i, 0, 7,1080,72, 1, 1, 2
 1, 3, 7,1081,42, 1, 1, 1
.i, 2, 7,1082,24, 1, 1, 1
 2, 2, 7,1083,31, 1, 3, 0
 3, 3, 7,1084,33, 2, 1, 1
 2, 0, 7,1085,69, 2, 1, 1
 1, 3, 7,1086,46, 2, 1, 3
.i, 1, 7,1087,71, 2, 1, 1
 1, 4, 7,1088,22, 2, 1, 1
 2, 6, 3,1089,53, 1, 1, 1
 1, 5, 3,1090,30, 1, 1, 4
.i, 6, 3,1091,61, 1, 1, 3
 2, 5, 3,1092,39, 1, 3, 4
 1, 4, 3,1093,27, 1, 1, 3
.i, 4, 3,1094,71, 1, 1, 3
 2, 6, 3,1095,60, 2, 1, 1
 2, 2, 3,1096,47, 1, 1, 3
 1, 1, 3,1097,33, 1, 1, 1
.i, 0, 3,1098,29, 1, 1, 3
.i,.n, 3,1099,60, 2, 2, 1
 1, 3, 3,1100,27, 2, 2, 1
.i, 3, 3,1101,30, 1, 1, 1
 2, 2, 3,1102,24, 2, 1, 0
 3, 3, 3,1103,57, 1, 1, 1
.i, 4, 3,1104,19, 1, 1, 1
 2, 4, 3,1105,55, 1, 1, 1
 3, 1, 3,1106,75, 2, 2, 1
.i, 2, 3,1107,50, 1, 2, 1
 2, 5, 3,1108,70, 1, 1, 2
.i, 1, 3,1109,65, 1, 1, 3
 3, 2, 3,1110,28, 2, 1, 3
.i, 1, 3,1111,57, 2, 1, 1
 1, 7, 3,1112,48, 1, 1, 3
 1, 3, 3,1113,18, 2, 1, 1
 1, 4, 3,1114,27, 1, 1, 1
.i, 7, 3,1115,41, 1, 1, 1
 1, 3, 3,1116,69, 2, 1, 4
.i, 1, 3,1117,32, 2, 2, 1
 2, 3, 3,1118,21, 2, 2, 1
.i, 7, 3,1119,30, 2, 2, 1
 2, 2, 3,1120,66, 2, 1, 1
 2, 4, 3,1121,59, 2, 3, 1
.i, 7, 3,1122,22, 2, 3, 1
.i, 0, 3,1123,31, 1, 1, 2
 3, 3, 3,1124,50, 2, 1, 3
.i, 6, 3,1125,21, 1, 1, 1
 1, 1, 3,1126,29, 1, 1, 3
 1, 4, 3,1127,21, 2, 1, 1
 1, 0, 3,1128,21, 2, 3, 1
 2, 0, 3,1129,25, 1, 1, 3
.i, 5, 3,1130,22, 1, 1, 2
 3, 2, 3,1131,23, 1, 2, 1
.i, 0, 3,1132,21, 1, 1, 1
 2, 1, 3,1133,21, 1, 1, 1
 2, 2, 3,1134,55, 1, 1, 3
 1, 6, 3,1135,63, 1, 1, 4
.i, 4, 3,1136,86, 2, 1, 1
 2, 6, 3,1137,40, 1, 1, 0
 1, 3, 3,1138,42, 1, 3, 1
 2, 6, 3,1139,64, 2, 1, 1
.i, 0, 8,1140,72, 2, 1, 3
 1, 0, 8,1141,84, 1, 1, 2
 3, 3, 8,1142,30, 2, 2, 2
.i, 3, 8,1143,33, 1, 1, 1
 1, 7, 8,1144,76, 1, 1, 1
 3, 2, 8,1145,28, 1, 3, 4
 1, 4, 8,1146,23, 2, 2, 3
 2, 1, 8,1147,30, 2, 1, 0
.i, 1, 8,1148,29, 2, 3, 1
 1, 3, 8,1149,23, 1, 1, 0
 2, 1, 8,1150,85, 1, 1, 3
.i, 3, 8,1151,58, 1, 3, 0
 2, 2, 8,1152,86, 1, 1, 1
 2, 5, 8,1153,82, 1, 1, 4
.i, 0, 8,1154,50, 1, 2, 1
 3, 3, 8,1155,55, 1, 2, 1
.i, 2, 8,1156,41, 2, 3, 3
 2, 7, 8,1157,22, 1, 3, 1
 1, 6, 8,1158,28, 1, 1, 2
.i, 0, 8,1159,87, 2, 2, 1
 1, 6, 8,1160,64, 1, 3, 3
.i, 4, 8,1161,18, 2, 1, 0
 2, 0, 8,1162,73, 2, 1, 1
 2, 2, 8,1163,68, 2, 1, 1
.i, 6, 8,1164,51, 2, 1, 4
 1, 7, 8,1165,67, 1, 1, 3
 1, 0, 8,1166,81, 1, 1, 3
.i, 5, 8,1167,70, 1, 1, 3
 2, 1, 8,1168,63, 1, 1, 1
 1, 5, 3,1169,71, 2, 1, 1
.i, 4, 3,1170,34, 1, 1, 3
.i, 3, 3,1171,86, 1, 1, 3
 2, 1, 3,1172,39, 2, 1, 1
.i, 3, 3,1173,47, 1, 1, 1
 1, 1, 3,1174,33, 2, 2, 3
 2, 2, 3,1175,31, 1, 3, 3
.i, 5, 3,1176,57, 2, 1, 1
 2, 3, 3,1177,35, 1, 1, 1
.i, 2, 3,1178,65, 2, 1, 1
 2, 4, 3,1179,69, 1, 1, 1
 3, 1, 3,1180,59, 2, 2, 1
 2, 1, 3,1181,35, 1, 1, 1
.i, 5, 3,1182,37, 1, 1, 1
 2, 6, 3,1183,51, 2, 1, 1
 2, 2, 3,1184,85, 1, 3, 0
.i, 5, 3,1185,49, 2, 1, 3
 1, 2, 3,1186,68, 2, 1, 4
 1, 4, 3,1187,70, 2, 1, 2
 2, 0, 3,1188,74, 1, 1, 1
 2, 6, 3,1189,68, 2, 1, 1
.i, 6, 3,1190,46, 2, 1, 3
 1, 6, 3,1191,51, 2, 1, 2
 1, 6, 3,1192,66, 1, 1, 1
.i, 4, 3,1193,43, 1, 1, 1
 1, 0, 3,1194,74, 2, 1, 0
 1, 4, 3,1195,74, 1, 1, 4
 1, 4, 3,1196,85, 1, 1, 1
 2, 2, 3,1197,49, 1, 1, 3
.i, 6, 3,1198,46, 2, 1, 1
 1, 1, 3,1199,37, 2, 1, 3
.i, 3, 8,1200,41, 2, 1, 0
 1, 2, 8,1201,22, 1, 1, 1
 1, 2, 8,1202,43, 2, 1, 4
 2, 3, 8,1203,73, 2, 1, 3
.i, 5, 8,1204,34, 2, 1, 3
 3, 0, 8,1205,87, 1, 1, 1
 2, 0, 8,1206,32, 2, 1, 4
 1, 3, 8,1207,31, 2, 1, 1
 2, 3, 8,1208,33, 1, 1, 1
.i, 5, 8,1209,69, 1, 1, 1
 2, 6, 8,1210,77, 1, 1, 1
.i, 5, 8,1211,52, 1, 1, 1
 1, 0, 8,1212,37, 1, 1, 1
.i, 2, 8,1213,52, 1, 1, 1
 2, 1, 8,1214,38, 2, 3, 3
 3, 4, 8,1215,55, 1, 3, 1
.d, 1, 8,1216,75, 2, 1, 1
.i, 3, 8,1217,50, 2, 1, 1
 2, 2, 8,1218,25, 2, 1, 1
 1, 3, 8,1219,28, 1, 1, 1
 1, 0, 8,1220,76, 1, 1, 3
.i, 4, 8,1221,52, 1, 1, 3
 2, 5, 6,1222,22, 1, 1, 1
 2, 1, 6,1223,57, 1, 1, 0
 2, 6, 6,1224,84, 2, 1, 0
 2, 0, 6,1225,63, 2, 1, 1
 2, 1, 6,1226,58, 2, 2, 4
 2, 1, 6,1227,43, 2, 1, 1
.i, 4, 6,1228,25, 2, 1, 1
 3, 4, 6,1229,39, 1, 1, 0
 1, 7, 6,1230,31, 2, 1, 2
.i, 4, 6,1231,39, 2, 1, 1
.i, 2, 6,1232,34, 2, 2, 1
 1, 4, 6,1233,27, 1, 1, 2
.i, 4, 6,1234,35, 1, 1, 1
 2, 2, 6,1235,24, 2, 1, 1
 1, 5, 6,1236,48, 1, 1, 3
.i, 2, 6,1237,21, 1, 1, 1
 3, 5, 6,1238,30, 1, 1, 1
 2, 5, 6,1239,36, 1, 3, 1
 1, 6, 6,1240,52, 1, 1, 1
 1, 4, 6,1241,36, 1, 1, 4
.i, 0, 6,1242,80, 2, 1, 4
 3, 5, 6,1243,27, 2, 1, 3
 2, 5, 6,1244,24, 2, 1, 3
.i, 3, 1,1245,44, 2, 1, 1
 2, 2, 1,1246,89, 1, 1, 0
 2, 1, 1,1247,22, 1, 2, 1
 1, 2, 1,1248,48, 1, 3, 1
 1, 0, 1,1249,33, 2, 1, 0
 1, 0, 1,1250,59, 2, 3, 0
.i, 4, 1,1251,43, 1, 3, 1
 3, 0, 1,1252,32, 2, 3, 0
.i, 2, 1,1253,62, 2, 1, 2
.i, 3, 1,1254,53, 2, 1, 1
 3, 4, 1,1255,59, 2, 1, 1
 1, 6, 1,1256,47, 1, 1, 1
.i, 1, 1,1257,18, 2, 1, 1
.i, 1, 1,1258,64, 1, 1, 1
 1, 2, 1,1259,22, 1, 1, 1
 2, 0, 1,1260,37, 2, 1, 3
.i, 0, 1,1261,31, 2, 1, 3
 2, 1, 1,1262,72, 2, 1, 1
 2, 0, 1,1263,32, 2, 1, 3
 1, 0, 1,1264,69, 1, 1, 3
 1, 3, 1,1265,32, 2, 1, 3
 2, 2, 1,1266,32, 1, 1, 3
.i, 3, 1,1267,60, 2, 1, 2
 1, 3, 2,1268,70, 1, 1, 0
.i, 0, 2,1269,41, 2, 3, 2
 2, 1, 2,1270,35, 2, 1, 2
.i, 4, 2,1271,77, 2, 1, 2
 2, 6, 2,1272,57, 1, 1, 1
 2, 2, 2,1273,26, 1, 1, 1
 3, 3, 2,1274,56, 1, 1, 1
.i, 1, 2,1275,24, 1, 1, 3
 1, 0, 2,1276,56, 2, 2, 0
.i, 0, 2,1277,39, 2, 3, 0
 1, 0, 2,1278,30, 2, 1, 4
 2, 0, 2,1279,26, 2, 1, 3
.i, 3, 2,1280,31, 2, 1, 1
 1, 1, 2,1281,36, 2, 1, 3
 2, 6, 2,1282,69, 1, 1, 2
.i, 2, 2,1283,39, 2, 1, 3
 1, 6, 2,1284,53, 1, 1, 1
 2, 4, 2,1285,55, 1, 1, 1
 2, 3, 2,1286,50, 2, 1, 1
 1, 0, 2,1287,31, 1, 1, 4
 2, 6, 2,1288,70, 2, 1, 3
 2, 0, 2,1289,68, 2, 1, 2
 2, 2, 2,1290,73, 1, 1, 1
 2, 0, 2,1291,60, 2, 1, 4
 3, 4, 2,1292,30, 1, 1, 1
 2, 1, 2,1293,60, 2, 1, 1
 1, 2, 2,1294,61, 1, 1, 1
 2, 0, 2,1295,69, 2, 1, 0
.i, 3, 2,1296,41, 1, 1, 1
 2, 2, 2,1297,64, 1, 1, 2
 1, 1, 2,1298,63, 2, 1, 1
 2, 3, 2,1299,22, 1, 2, 0
 1, 3, 2,1300,33, 2, 1, 0
 1, 0, 2,1301,56, 1, 1, 3
.i, 1, 2,1302,30, 2, 1, 2
 2, 0, 2,1303,89, 2, 1, 2
 1, 5, 2,1304,61, 2, 1, 3
 2, 3, 2,1305,55, 1, 1, 1
.i, 1, 2,1306,67, 2, 1, 4
 2, 3, 2,1307,61, 2, 1, 1
 1, 7, 2,1308,69, 1, 1, 1
 2, 0, 2,1309,30, 1, 2, 3
 2, 6, 2,1310,70, 1, 1, 1
.i, 1, 2,1311,41, 1, 2, 1
.i, 2, 2,1312,67, 2, 2, 0
 1, 1, 2,1313,62, 1, 1, 1
.i, 0, 2,1314,36, 2, 2, 1
 1, 6, 2,1315,51, 2, 1, 2
.i, 1, 2,1316,65, 2, 1, 3
 2, 0, 2,1317,63, 1, 2, 1
 1, 4, 2,1318,23, 1, 1, 3
 2, 1, 2,1319,89, 2, 1, 1
.i, 5, 2,1320,47, 2, 1, 2
 2, 6, 2,1321,75, 2, 1, 1
 3, 6, 2,1322,24, 1, 1, 1
.i, 4, 2,1323,42, 1, 1, 1
 1, 3, 5,1324,29, 2, 1, 1
 1, 4, 5,1325,26, 2, 1, 2
.i, 0, 5,1326,89, 2, 2, 0
.i, 1, 5,1327,76, 2, 1, 1
 1, 1, 5,1328,36, 2, 1, 1
.i, 6, 5,1329,77, 2, 1, 1
 2, 6, 5,1330,32, 1, 1, 1
.i, 3, 5,1331,72, 1, 1, 1
 2, 1, 5,1332,39, 2, 1, 3
.i, 5, 5,1333,71, 2, 1, 1
 2, 6, 5,1334,31, 1, 1, 4
 1, 2, 5,1335,69, 1, 1, 4
 1, 3, 5,1336,35, 1, 3, 0
 2, 6, 5,1337,80, 1, 1, 4
.i, 2, 5,1338,49, 1, 1, 3
 2, 1, 5,1339,42, 1, 1, 1
.i, 2, 5,1340,36, 2, 3, 0
 2, 5, 5,1341,71, 1, 1, 1
 1, 3, 5,1342,64, 1, 1, 0
.i, 5, 5,1343,57, 1, 1, 2
 1, 3, 5,1344,24, 2, 1, 1
.i, 5, 5,1345,47, 2, 1, 1
 1, 5, 5,1346,23, 1, 1, 1
.i, 6, 5,1347,46, 1, 1, 2
 3, 7, 5,1348,57, 1, 1, 0
 1, 3, 5,1349,50, 2, 1, 4
 2, 4, 5,1350,34, 2, 1, 1
 1, 4, 5,1351,20, 1, 1, 1
.i, 5, 5,1352,49, 2, 1, 1
 1, 0, 5,1353,30, 2, 3, 1
.i, 3, 5,1354,29, 1, 1, 1
 3, 1, 5,1355,61, 2, 1, 1
.i, 2, 5,1356,29, 2, 3, 4
 2, 0, 5,1357,21, 1, 1, 1
 1, 4, 5,1358,24, 1, 1, 1
.i, 0, 5,1359,34, 2, 1, 4
 1, 0, 5,1360,25, 2, 1, 1
.i, 4, 5,1361,21, 1, 1, 1
 1, 4, 5,1362,22, 1, 1, 1
.i, 3, 5,1363,38, 1, 1, 1
 2, 3, 5,1364,70, 1, 1, 1
 3, 3, 5,1365,33, 2, 1, 1
.i, 2, 5,1366,75, 2, 1, 0
 2, 5, 5,1367,56, 1, 1, 1
 2, 0, 5,1368,68, 1, 1, 3
.i, 1, 5,1369,39, 2, 1, 1
 1, 6, 5,1370,54, 2, 1, 1
 2, 5, 5,1371,60, 1, 1, 1
.i, 5, 5,1372,60, 1, 1, 1
 3, 5, 5,1373,36, 1, 1, 4
.i, 5, 5,1374,31, 2, 1, 1
 2, 0, 5,1375,41, 2, 2, 3
 3, 6, 5,1376,29, 2, 1, 1
 1, 6, 5,1377,38, 2, 1, 3
.i, 5, 5,1378,42, 2, 1, 1
 1, 1, 5,1379,69, 2, 1, 1
.i, 0, 5,1380,29, 2, 2, 4
 1, 2, 5,1381,33, 1, 3, 0
.i, 3, 5,1382,27, 1, 1, 1
 2, 4, 5,1383,42, 1, 1, 2
 1, 5, 5,1384,57, 1, 1, 3
 1, 0, 5,1385,41, 2, 1, 3
 1, 0, 5,1386,70, 2, 1, 3
.i, 6, 5,1387,31, 1, 1, 0
 2, 6, 5,1388,68, 2, 1, 2
.i, 7, 5,1389,38, 2, 1, 4
 2, 1, 5,1390,57, 1, 1, 1
 2, 3, 5,1391,38, 1, 1, 2
.i, 5, 5,1392,30, 2, 1, 4
 1, 3, 5,1393,68, 1, 1, 0
 3, 6, 5,1394,75, 2, 1, 1
.i, 1, 5,1395,82, 1, 1, 1
 2, 3, 5,1396,71, 1, 1, 2
 3, 6, 5,1397,44, 1, 1, 1
.i, 1, 5,1398,82, 2, 1, 1
 3, 1, 5,1399,69, 2, 3, 1
 2, 3, 5,1400,40, 1, 2, 3
.i, 0, 5,1401,61, 2, 2, 0
 2, 6, 5,1402,70, 1, 1, 1
.i, 3, 5,1403,57, 2, 1, 1
 2, 1, 5,1404,37, 2, 1, 3
 2, 0, 5,1405,64, 1, 2, 3
.i, 0, 5,1406,74, 2, 2, 4
 3, 0, 5,1407,71, 2, 2, 1
 2, 6, 5,1408,22, 1, 1, 1
.i, 2, 5,1409,26, 2, 1, 0
.i, 5, 5,1410,52, 2, 1, 1
 2, 2, 5,1411,84, 2, 2, 1
.i, 3, 5,1412,22, 1, 3, 0
 2, 0, 5,1413,28, 1, 2, 1
.i, 5, 5,1414,60, 2, 1, 1
 2, 0, 5,1415,31, 2, 2, 1
.i, 3, 5,1416,45, 1, 2, 1
 2, 1, 5,1417,49, 1, 2, 1
.i, 3, 5,1418,32, 2, 1, 0
 2, 0, 5,1419,43, 2, 2, 0
 3, 1, 5,1420,45, 2, 2, 1
.i, 0, 5,1421,65, 1, 1, 1
 2, 2, 5,1422,32, 2, 1, 1
 3, 2, 5,1423,23, 2, 1, 0
.i, 6, 5,1424,52, 1, 1, 4
 2, 2, 5,1425,58, 2, 1, 3
 1, 5, 5,1426,21, 2, 1, 1
 2, 2, 5,1427,77, 2, 1, 3
.i, 6, 5,1428,86, 1, 1, 0
 2, 1, 5,1429,52, 2, 1, 2
.i, 3, 5,1430,66, 1, 1, 3
 1, 3, 5,1431,72, 2, 1, 1
.i, 5, 5,1432,47, 2, 1, 1
 2, 6, 5,1433,58, 1, 1, 3
.i, 1, 5,1434,35, 2, 2, 4
 3, 3, 5,1435,50, 2, 2, 2
 2, 6, 5,1436,84, 2, 1, 4
 3, 1, 5,1437,22, 1, 2, 1
 2, 2, 5,1438,29, 2, 2, 3
.i, 2, 5,1439,26, 1, 2, 1
 1, 2, 5,1440,24, 2, 1, 3
.i, 3, 5,1441,.n, 2, 1, 1
 2, 2, 5,1442,38, 1, 1, 2
 1, 1, 5,1443,31, 1, 1, 3
.i, 2, 5,1444,31, 2, 1, 3
 1, 7, 5,1445,30, 2, 2, 3
 2, 5, 5,1446,46, 1, 1, 4
 2, 0, 5,1447,49, 1, 2, 3
.i, 4, 5,1448,29, 1, 1, 1
.i, 4, 5,1449,45, 2, 1, 1
 1, 0, 5,1450,67, 1, 2, 1
 2, 5, 5,1451,34, 2, 1, 1
 2, 3, 5,1452,82, 1, 2, 1
 2, 4, 5,1453,44, 1, 3, 1
 1, 2, 5,1454,48, 2, 1, 4
 2, 4, 5,1455,24, 2, 1, 0
 1, 5, 5,1456,56, 1, 1, 1
.i, 4, 5,1457,65, 1, 1, 1
 2, 2, 5,1458,48, 2, 2, 1
.i, 1, 5,1459,27, 2, 2, 1
.i, 2, 5,1460,55, 2, 2, 4
 3, 4, 5,1461,25, 1, 1, 1
 1, 0, 5,1462,55, 2, 2, 1
 2, 3, 5,1463,71, 2, 1, 1
 2, 3, 5,1464,26, 1, 1, 1
 1, 6, 5,1465,59, 2, 1, 1
 2, 2, 5,1466,56, 2, 1, 1
 2, 3, 5,1467,58, 2, 1, 4
.i, 1, 5,1468,27, 2, 2, 2
 2, 3, 5,1469,69, 2, 2, 1
 2, 4, 5,1470,30, 2, 1, 1
 1, 5, 5,1471,71, 2, 1, 3
.i, 1, 5,1472,53, 2, 2, 0
 2, 1, 5,1473,.n, 1, 2, 2
.i, 3, 5,1474,34, 2, 2, 0
 2, 5, 5,1475,37, 2, 1, 0
 3, 1, 5,1476,29, 2, 2, 2
.i,.n, 5,1477,63, 2, 1, 1
 2, 1, 5,1478,32, 2, 2, 2
 2, 5, 5,1479,33, 1, 2, 3
 2, 0, 5,1480,79, 2, 2, 1
 2, 3, 5,1481,22, 1, 2, 1
.i, 3, 5,1482,24, 2, 1, 1
 2, 1, 5,1483,31, 2, 1, 3
.i, 5, 5,1484,43, 2, 1, 3
 1, 6, 5,1485,56, 2, 1, 3
 1, 5, 5,1486,54, 1, 1, 1
.i, 3, 5,1487,47, 1, 1, 1
 2, 6, 5,1488,72, 2, 1, 3
 1, 6, 5,1489,60, 1, 1, 4
 2, 5, 5,1490,34, 1, 1, 4
.i, 0, 5,1491,38, 1, 1, 3
 2, 6, 5,1492,58, 2, 1, 4
.i, 4, 5,1493,67, 2, 1, 3
 1, 7, 5,1494,39, 2, 3, 1
 2, 4, 5,1495,75, 2, 1, 1
.i, 3, 5,1496,65, 2, 1, 2
 1, 0, 5,1497,56, 1, 1, 1
.i, 2, 5,1498,35, 2, 3, 2
 2, 0, 5,1499,57, 2, 2, 4
 2, 2, 5,1500,63, 1, 2, 1
.i, 2, 5,1501,29, 1, 1, 1
.i, 6, 5,1502,66, 2, 1, 1
.i, 1, 5,1503,58, 2, 1, 2
.i, 0, 5,1504,77, 2, 1, 3
 1, 2, 5,1505,38, 1, 3, 0
 3, 3, 5,1506,34, 2, 1, 2
 3, 1, 5,1507,27, 2, 2, 1
.i, 5, 5,1508,46, 2, 1, 0
 2, 3, 5,1509,45, 2, 1, 2
.i, 1, 5,1510,23, 2, 1, 2
 3, 2, 5,1511,25, 2, 2, 2
 3, 3, 5,1512,23, 2, 3, 1
 2, 3, 5,1513,57, 1, 1, 1
.i, 3, 5,1514,58, 2, 1, 2
 2, 5, 5,1515,50, 2, 1, 0
 1, 0, 5,1516,70, 1, 2, 1
.i, 3, 5,1517,58, 2, 1, 2
 3, 0, 5,1518,68, 2, 1, 2
 2, 3, 5,1519,25, 2, 1, 2
.i, 2, 5,1520,68, 2, 1, 1
 2, 6, 6,1521,54, 2, 1, 1
 1, 4, 6,1522,30, 2, 1, 0
.i, 0, 6,1523,64, 2, 1, 1
 2, 6, 6,1524,58, 1, 1, 0
.d, 0, 6,1525,69, 2, 2, 0
.i, 1, 6,1526,56, 2, 1, 1
 2, 4, 6,1527,69, 2, 1, 1
 2, 6, 6,1528,46, 1, 1, 1
.i, 6, 6,1529,34, 1, 1, 0
.i, 6, 6,1530,67, 2, 1, 1
.i, 3, 6,1531,40, 2, 1, 1
 2, 4, 6,1532,44, 2, 1, 1
.i, 0, 6,1533,32, 2, 2, 2
 2, 3, 6,1534,33, 1, 2, 0
.i, 4, 6,1535,35, 1, 3, 0
 3,.n, 6,1536,70, 2, 3, 2
 2, 1, 6,1537,59, 1, 2, 1
 1, 6, 6,1538,32, 2, 2, 0
.i, 4, 6,1539,53, 1, 2, 1
 1, 3, 6,1540,39, 2, 2, 0
 1, 0, 6,1541,43, 2, 2, 4
.i, 3, 6,1542,26, 1, 2, 1
 2, 1, 6,1543,64, 1, 3, 4
 2, 3, 6,1544,62, 2, 1, 1
 2, 7, 6,1545,72, 1, 1, 3
.i, 6, 6,1546,58, 2, 1, 1
 2,.n, 6,1547,22, 2, 1, 0
 2, 5, 6,1548,60, 1, 3, 0
 2, 5, 6,1549,42, 1, 1, 1
.i, 3, 6,1550,62, 1, 1, 4
 2, 6, 6,1551,39, 2, 1, 2
.i, 5, 6,1552,24, 2, 1, 1
 2, 0, 6,1553,38, 2, 2, 0
 2, 6, 6,1554,39, 2, 1, 1
 1, 6, 6,1555,32, 2, 1, 3
 2, 5, 6,1556,85, 1, 1, 4
 1, 5, 6,1557,88, 1, 1, 1
 1, 4, 6,1558,44, 2, 1, 3
 1, 5, 6,1559,18, 1, 1, 1
 1, 3, 6,1560,32, 2, 2, 2
.i, 0, 6,1561,60, 2, 2, 3
 2, 5, 6,1562,.n, 1, 1, 1
 2, 0, 6,1563,72, 2, 2, 4
 1, 4, 6,1564,61, 2, 1, 4
.i, 1, 6,1565,27, 2, 2, 1
.i, 0, 6,1566,42, 1, 2, 0
 2, 0, 6,1567,51, 1, 2, 3
 2, 5, 6,1568,38, 1, 1, 1
 3, 2, 6,1569,44, 2, 1, 1
 3, 1, 6,1570,37, 1, 2, 3
.i, 0, 6,1571,73, 2, 2, 0
 1, 0, 6,1572,21, 1, 2, 1
 2, 2, 6,1573,60, 1, 3, 1
.i, 0, 6,1574,70, 2, 2, 1
 1, 0, 6,1575,70, 2, 2, 4
 2, 0, 6,1576,89, 1, 2, 2
.i, 0, 6,1577,35, 2, 2, 0
 2, 0, 6,1578,51, 2, 2, 1
.i, 2, 6,1579,37, 2, 1, 1
.i, 3, 6,1580,71, 1, 1, 1
 3, 6, 6,1581,35, 1, 1, 1
.i, 4, 6,1582,78, 1, 1, 1
 1, 5, 6,1583,32, 1, 1, 1
 2, 6, 6,1584,62, 1, 1, 1
 3, 0, 6,1585,41, 2, 2, 4
 1, 3, 6,1586,36, 2, 1, 1
 2, 1, 6,1587,20, 1, 2, 1
.i, 0, 6,1588,36, 2, 2, 1
.i, 6, 6,1589,85, 1, 1, 1
.i, 0, 6,1590,71, 1, 2, 3
 2, 3, 6,1591,30, 1, 1, 3
 2, 1, 6,1592,81, 2, 1, 1
.i, 3, 6,1593,88, 1, 3, 1
 1, 0, 6,1594,76, 2, 1, 3
 1, 5, 6,1595,59, 2, 1, 3
.i, 6, 6,1596,88, 2, 1, 2
 3, 0, 6,1597,64, 2, 1, 1
 3, 6, 6,1598,75, 2, 1, 1
 2, 3, 6,1599,55, 2, 1, 1
 2, 1, 6,1600,55, 2, 1, 1
 2, 3, 6,1601,61, 1, 3, 4
 2, 2, 6,1602,38, 1, 1, 2
 3, 0, 6,1603,50, 2, 2, 3
.i, 0, 6,1604,54, 2, 2, 3
.d, 6, 6,1605,80, 2, 1, 1
.i, 3, 6,1606,33, 2, 2, 3
 2, 2, 6,1607,25, 1, 1, 1
 2, 3, 6,1608,22, 1, 3, 1
.i, 2, 6,1609,38, 2, 1, 2
 1, 3, 6,1610,25, 1, 1, 1
.i, 3, 6,1611,63, 1, 1, 1
 1, 2, 6,1612,22, 1, 1, 1
 1, 6, 6,1613,40, 2, 3, 1
.i, 2, 6,1614,69, 2, 1, 1
 1, 1, 6,1615,20, 2, 1, 1
 2, 5, 6,1616,54, 1, 1, 1
 2, 7, 6,1617,19, 1, 1, 1
.i, 2, 6,1618,34, 1, 1, 2
.i, 4, 6,1619,59, 2, 1, 3
 2, 4, 6,1620,59, 1, 1, 3
.i, 5, 6,1621,44, 2, 1, 3
 2, 1, 6,1622,34, 1, 1, 4
 2, 1, 6,1623,35, 2, 1, 3
.i, 5, 6,1624,42, 2, 1, 3
 2, 1, 6,1625,86, 1, 1, 1
.i, 2, 3,1626,32, 2, 1, 1
 3, 7, 3,1627,61, 2, 1, 1
 2, 6, 3,1628,19, 1, 1, 1
.i, 6, 3,1629,39, 1, 1, 1
 3, 2, 3,1630,71, 2, 1, 0
.i, 4, 3,1631,49, 2, 1, 1
 2, 6, 3,1632,23, 1, 1, 1
 2, 3, 3,1633,56, 2, 1, 1
 2, 3, 3,1634,47, 1, 1, 1
.i, 6, 5,1635,89, 2, 1, 1
 2, 5, 5,1636,66, 2, 1, 1
.i, 5, 5,1637,54, 2, 1, 4
 2, 3, 5,1638,33, 1, 1, 3
.i, 1, 5,1639,53, 2, 1, 1
 2, 6, 5,1640,76, 1, 1, 0
 2, 1, 5,1641,86, 2, 1, 0
 2, 6, 5,1642,61, 1, 1, 3
.i, 1, 5,1643,71, 2, 1, 4
 1, 7, 5,1644,42, 1, 1, 2
 1, 0, 5,1645,23, 2, 1, 1
.i, 4, 5,1646,44, 1, 1, 1
 3, 7, 5,1647,63, 1, 1, 2
.i, 5, 5,1648,68, 2, 1, 1
 2, 1, 5,1649,30, 2, 1, 1
 2, 4, 5,1650,82, 2, 1, 1
.i, 0, 5,1651,43, 2, 1, 1
 1, 3, 5,1652,26, 2, 1, 1
 2, 1, 5,1653,57, 2, 1, 1
 2, 0, 5,1654,42, 2, 1, 2
.i, 6, 5,1655,42, 1, 1, 3
 2, 2, 5,1656,74, 1, 1, 1
 2, 3, 5,1657,47, 1, 1, 1
 2, 6, 5,1658,65, 1, 1, 4
 3, 3, 5,1659,37, 1, 1, 1
.i, 0, 5,1660,89, 1, 1, 0
 2, 4, 5,1661,44, 1, 1, 1
.i, 2, 5,1662,77, 2, 1, 1
 1, 1, 5,1663,23, 1, 1, 1
 2, 6, 5,1664,55, 2, 1, 3
 1, 4, 5,1665,37, 1, 1, 2
 3, 5, 5,1666,81, 2, 1, 1
.i, 6, 5,1667,60, 2, 1, 1
 3, 2, 5,1668,54, 2, 1, 1
.i, 1, 5,1669,43, 1, 1, 3
 1, 5, 5,1670,43, 2, 2, 2
.i, 0, 5,1671,21, 1, 1, 1
 2, 4, 5,1672,51, 2, 1, 3
.i, 4, 5,1673,36, 1, 1, 3
 1, 6, 5,1674,69, 1, 1, 4
 2, 6, 5,1675,74, 1, 1, 4
 2, 5, 2,1676,69, 1, 1, 3
 1, 5, 2,1677,34, 2, 1, 1
 2, 0, 2,1678,30, 2, 1, 3
.i, 3, 2,1679,73, 1, 1, 3
 2, 3, 2,1680,34, 1, 1, 1
 1, 0, 3,1681,34, 1, 1, 3
 1,.n, 3,1682,39, 1, 1, 3
.i, 7, 3,1683,34, 1, 1, 2
 2, 6, 3,1684,65, 2, 1, 1
 1, 3, 3,1685,46, 2, 1, 1
.i, 4, 3,1686,37, 1, 1, 3
 1, 0, 3,1687,22, 1, 1, 1
 2, 6, 3,1688,55, 1, 1, 1
 2,.n, 3,1689,59, 2, 1, 1
.i, 3, 3,1690,69, 1, 1, 3
 1, 6, 3,1691,55, 2, 1, 2
.i, 1, 3,1692,78, 1, 1, 1
 2, 4, 3,1693,88, 2, 1, 3
 2, 1, 3,1694,57, 2, 1, 4
 1, 1, 3,1695,41, 1, 1, 0
.i, 0, 3,1696,41, 2, 1, 1
.i, 1, 3,1697,56, 2, 1, 0
 1, 3, 3,1698,28, 1, 2, 1
 1,.n, 3,1699,25, 2, 1, 1
.i, 2, 3,1700,44, 1, 1, 1
 1, 1, 3,1701,34, 2, 2, 1
.i, 4, 3,1702,58, 1, 1, 3
 3, 1, 3,1703,57, 1, 2, 1
.i, 1, 3,1704,19, 2, 2, 1
 2,.n, 3,1705,68, 1, 1, 1
.i, 4, 3,1706,43, 1, 1, 4
 3, 4, 3,1707,64, 1, 1, 3
 2, 2, 3,1708,43, 1, 1, 1
.i, 1, 3,1709,28, 2, 3, 4
 2, 7, 3,1710,23, 2, 1, 3
 1, 3, 3,1711,51, 1, 1, 1
.i, 3, 3,1712,37, 2, 1, 1
.i, 6, 3,1713,31, 1, 1, 2
.i, 0, 3,1714,44, 2, 1, 4
 2, 2, 3,1715,24, 1, 1, 1
.i, 2, 3,1716,22, 1, 1, 1
.i, 1, 3,1717,22, 1, 1, 1
 2, 1, 3,1718,24, 1, 2, 3
.i, 2, 3,1719,23, 1, 1, 1
 2, 2, 3,1720,40, 2, 1, 1
.i, 2, 3,1721,78, 2, 1, 1
 1, 3, 3,1722,62, 1, 1, 1
 2, 0, 3,1723,55, 1, 1, 2
.i, 0, 3,1724,27, 1, 1, 2
 2, 3, 3,1725,25, 2, 3, 1
.i, 7, 3,1726,52, 1, 1, 3
 3, 2, 3,1727,54, 1, 2, 1
.i, 2, 3,1728,76, 2, 1, 1
 2, 5, 3,1729,52, 1, 1, 1
 2, 1, 3,1730,41, 1, 2, 3
 1, 6, 3,1731,50, 2, 1, 3
 2, 5, 3,1732,43, 2, 1, 4
 2, 4, 3,1733,69, 1, 1, 1
.i, 5, 3,1734,51, 2, 1, 1
 1, 5, 3,1735,74, 1, 1, 1
.i, 4, 3,1736,48, 2, 1, 1
 1, 0, 3,1737,63, 2, 1, 1
.i, 6, 3,1738,59, 2, 1, 3
 1, 2, 3,1739,24, 1, 1, 3
 1, 6, 3,1740,65, 1, 1, 1
 2, 1, 3,1741,63, 2, 2, 1
 2, 5, 3,1742,39, 2, 1, 3
.i,.n, 3,1743,66, 2, 2, 0
 2, 2, 3,1744,38, 1, 1, 4
 2, 1, 3,1745,63, 2, 1, 3
.i, 1, 3,1746,89, 2, 1, 1
 2, 0, 3,1747,63, 1, 2, 0
.i, 4, 3,1748,58, 1, 1, 1
 3, 4, 3,1749,25, 1, 1, 1
 3, 6, 3,1750,51, 1, 1, 1
.i, 1, 3,1751,69, 2, 1, 1
 1, 4, 3,1752,45, 2, 1, 4
 1, 5, 3,1753,58, 2, 1, 3
.i, 1, 3,1754,73, 2, 1, 1
 3, 7, 3,1755,64, 2, 1, 1
 3, 3, 3,1756,35, 2, 1, 3
.i, 2, 3,1757,68, 1, 1, 1
 2, 2, 3,1758,61, 2, 1, 3
.i, 2, 3,1759,86, 2, 1, 4
 2, 6, 3,1760,54, 1, 1, 1
 2, 1, 3,1761,47, 2, 1, 3
 2, 2, 3,1762,65, 2, 1, 1
 1, 3, 3,1763,63, 1, 1, 3
 1, 6, 3,1764,67, 2, 1, 1
 2, 5, 3,1765,64, 1, 1, 0
.i, 3, 3,1766,23, 2, 1, 1
 1, 4, 3,1767,27, 1, 2, 1
.i, 4, 3,1768,26, 2, 1, 1
 1, 3, 3,1769,41, 1, 1, 1
 2, 1, 3,1770,20, 1, 1, 1
 1, 3, 3,1771,54, 1, 1, 1
.i, 0, 3,1772,86, 2, 1, 3
 2, 4, 3,1773,68, 2, 1, 1
.i, 5, 3,1774,54, 2, 1, 0
 1, 0, 3,1775,51, 1, 3, 0
 1, 0, 3,1776,61, 1, 1, 1
 2, 5, 3,1777,89, 1, 1, 1
 2, 7, 3,1778,54, 2, 1, 1
 2, 2, 3,1779,72, 1, 1, 4
 2, 4, 3,1780,19, 2, 1, 1
 2, 6, 4,1781,59, 1, 1, 3
 1, 6, 4,1782,31, 2, 1, 1
 1, 2, 4,1783,23, 2, 1, 1
 2, 5, 4,1784,55, 2, 1, 2
.i, 3, 4,1785,34, 2, 1, 3
 2, 5, 4,1786,37, 2, 1, 2
.i, 4, 4,1787,30, 2, 1, 3
.i, 5, 4,1788,33, 2, 1, 3
.i, 6, 4,1789,48, 1, 1, 3
.i, 6, 4,1790,60, 2, 1, 3
 2, 2, 4,1791,47, 2, 1, 4
 1, 5, 4,1792,52, 2, 1, 1
 1, 0, 4,1793,67, 1, 1, 1
 3, 3, 4,1794,29, 1, 1, 1
.i, 5, 4,1795,31, 2, 1, 1
 2, 6, 4,1796,36, 1, 1, 3
 2, 0, 4,1797,64, 2, 1, 2
.i, 6, 4,1798,89, 2, 1, 3
 1, 3, 4,1799,63, 2, 1, 3
.i, 3, 4,1800,24, 1, 2, 1
 1, 1, 4,1801,35, 2, 1, 2
 3, 5, 4,1802,82, 2, 1, 1
.i, 4, 4,1803,66, 1, 1, 3
 1, 6, 4,1804,47, 2, 1, 3
 1, 2, 4,1805,53, 1, 2, 3
 2, 4, 4,1806,70, 2, 1, 4
 1, 1, 4,1807,32, 2, 1, 3
.i, 7, 4,1808,26, 2, 1, 1
 2, 5, 4,1809,35, 2, 1, 3
.i, 5, 4,1810,59, 1, 1, 4
.i, 2, 4,1811,55, 1, 1, 0
 1, 2, 4,1812,41, 2, 1, 3
.i, 3, 4,1813,85, 1, 1, 3
 2, 4, 4,1814,50, 2, 3, 3
 1, 2, 4,1815,56, 1, 1, 1
.i, 6, 4,1816,77, 1, 1, 1
 2, 0, 4,1817,49, 1, 1, 1
 2, 2, 4,1818,57, 1, 1, 1
.i, 0, 4,1819,66, 1, 1, 1
 1, 0, 4,1820,56, 1, 2, 1
 3, 4, 4,1821,55, 1, 1, 2
.i, 6, 4,1822,45, 1, 1, 3
.i, 6, 4,1823,66, 1, 1, 2
 1,.n, 4,1824,60, 1, 1, 1
.i, 4, 4,1825,58, 2, 1, 1
 2, 3, 4,1826,28, 2, 1, 1
 2, 4, 4,1827,45, 2, 1, 4
.i, 4, 4,1828,87, 2, 1, 0
 2, 6, 4,1829,56, 2, 1, 3
 2, 1, 4,1830,24, 1, 1, 1
.i, 6, 4,1831,72, 2, 1, 1
.i, 0, 7,1832,49, 2, 2, 3
 1, 3, 7,1833,25, 2, 2, 1
 3, 0, 7,1834,53, 1, 2, 0
.i, 3, 7,1835,23, 1, 2, 0
 2, 4, 7,1836,23, 2, 2, 1
.i, 3, 7,1837,73, 2, 1, 2
 2, 5, 7,1838,18, 2, 1, 1
 1, 6, 7,1839,58, 1, 1, 2
.i, 5, 7,1840,85, 1, 1, 3
 1, 4, 7,1841,25, 1, 1, 1
 1, 0, 7,1842,72, 2, 1, 3
.i, 6, 7,1843,70, 2, 1, 1
 2, 0, 7,1844,62, 2, 2, 1
 1, 0, 7,1845,85, 1, 2, 4
 3, 1, 7,1846,39, 2, 1, 2
 2, 0, 7,1847,68, 1, 2, 1
.i, 5, 7,1848,64, 2, 1, 1
 1, 0, 7,1849,75, 1, 1, 1
 1, 0, 7,1850,55, 1, 1, 0
 3, 2, 7,1851,35, 1, 2, 1
.i, 3, 7,1852,24, 2, 1, 1
 3, 5, 7,1853,27, 1, 1, 1
.i, 3, 7,1854,28, 2, 1, 1
 2, 2, 7,1855,61, 1, 1, 4
 1, 4, 7,1856,67, 2, 1, 1
 2, 5, 7,1857,80, 1, 1, 0
 1, 0, 7,1858,86, 2, 1, 4
.i, 3, 7,1859,33, 2, 3, 1
 2, 3, 7,1860,28, 2, 1, 3
.i, 3, 7,1861,30, 2, 1, 1
 1, 2, 7,1862,23, 2, 1, 1
 2, 2, 7,1863,45, 2, 3, 4
.i, 6, 7,1864,77, 1, 1, 0
 2, 7, 7,1865,39, 2, 1, 0
 1, 6, 7,1866,81, 1, 1, 1
.i, 3, 7,1867,32, 2, 3, 0
 1, 5, 7,1868,34, 1, 1, 0
.i, 1, 7,1869,39, 2, 1, 2
 2, 2, 7,1870,59, 2, 3, 1
.i, 3, 7,1871,49, 1, 3, 3
 1, 4, 7,1872,84, 1, 1, 3
 2, 3, 7,1873,24, 2, 1, 0
.i, 1, 7,1874,52, 1, 3, 1
 2, 4, 7,1875,36, 2, 1, 1
 1, 7, 7,1876,30, 2, 3, 0
.i, 0, 7,1877,67, 2, 2, 1
 2, 3, 7,1878,18, 1, 1, 0
 2, 3, 7,1879,53, 2, 2, 1
 1, 6, 7,1880,49, 2, 1, 1
.i, 2, 7,1881,24, 2, 2, 1
 2, 1, 7,1882,72, 2, 3, 0
.i, 4, 7,1883,54, 2, 1, 1
.i, 4, 7,1884,21, 1, 3, 1
 1, 3, 7,1885,34, 1, 3, 1
.i, 1, 7,1886,60, 2, 1, 1
 3, 6, 7,1887,25, 2, 1, 1
 2, 4, 7,1888,53, 2, 3, 1
.i, 3, 7,1889,33, 1, 1, 1
 1, 4, 7,1890,30, 2, 3, 1
 2, 2, 7,1891,43, 1, 3, 1
 2, 3, 7,1892,27, 1, 3, 0
 2, 3, 7,1893,57, 1, 2, 1
 1, 1, 7,1894,43, 2, 3, 0
.i, 0, 7,1895,49, 2, 3, 1
 2, 3, 7,1896,61, 2, 1, 0
 3, 1, 7,1897,39, 1, 3, 1
 3, 6, 7,1898,54, 2, 1, 1
.i, 1, 7,1899,55, 2, 3, 0
 1, 1, 7,1900,54, 1, 2, 1
 2, 5, 7,1901,49, 1, 3, 0
 2, 3, 7,1902,77, 2, 2, 1
.i, 3, 7,1903,80, 2, 1, 1
 1, 1, 7,1904,43, 1, 1, 0
.i, 3, 7,1905,45, 2, 3, 0
.i, 1, 7,1906,33, 1, 2, 1
 2, 6, 7,1907,51, 1, 1, 1
 3, 3, 7,1908,34, 2, 1, 1
 1, 5, 7,1909,28, 1, 1, 3
 2, 6, 7,1910,35, 2, 1, 2
.i, 2, 7,1911,61, 1, 1, 3
.i, 2, 8,1912,35, 2, 1, 4
 2, 0, 8,1913,66, 2, 1, 1
.i, 6, 8,1914,43, 1, 1, 1
 3, 0, 8,1915,20, 1, 1, 1
.i,.n, 8,1916,60, 1, 1, 4
 2, 6, 8,1917,64, 2, 1, 2
.i, 3, 8,1918,34, 1, 3, 1
 2, 1, 8,1919,60, 1, 1, 1
 2, 4, 8,1920,34, 1, 1, 1
 2, 1, 8,1921,31, 2, 1, 1
 1, 5, 8,1922,24, 1, 1, 1
.i, 0, 8,1923,64, 2, 3, 3
 2, 1, 8,1924,38, 2, 1, 2
.i, 1, 8,1925,56, 1, 1, 0
 2, 3, 8,1926,60, 2, 1, 3
.i, 3, 8,1927,27, 1, 1, 1
 3, 3, 8,1928,25, 2, 1, 1
.i,.n, 8,1929,38, 1, 3, 1
.i, 6, 8,1930,71, 2, 3, 3
.i, 0, 8,1931,73, 1, 1, 1
 3, 0, 8,1932,61, 2, 1, 4
 2, 3, 8,1933,30, 2, 1, 0
 3, 1, 8,1934,66, 2, 1, 4
.i, 4, 8,1935,53, 2, 1, 1
 2, 0, 8,1936,41, 1, 1, 3
.i, 5, 8,1937,56, 2, 1, 4
 2, 1, 8,1938,26, 2, 1, 3
.i, 3, 8,1939,39, 1, 1, 3
.i, 6, 8,1940,60, 2, 1, 3
.i, 5, 8,1941,56, 1, 1, 4
 1, 1, 8,1942,18, 2, 1, 1
.i, 6, 8,1943,62, 2, 1, 4
.d, 1, 8,1944,48, 2, 1, 1
 2, 5, 8,1945,44, 2, 1, 4
.i, 3, 8,1946,55, 1, 1, 4
 2, 7, 8,1947,21, 1, 1, 1
.i, 1, 8,1948,24, 1, 1, 3
 3, 6, 8,1949,36, 1, 1, 1
.i, 7, 8,1950,29, 1, 1, 3
 3, 1, 8,1951,66, 2, 3, 1
.i, 5, 8,1952,33, 2, 1, 3
 1, 4, 8,1953,58, 1, 1, 2
.i, 6, 8,1954,76, 2, 1, 1
 2, 4, 8,1955,46, 1, 1, 1
.i, 2, 8,1956,30, 2, 1, 1
 2, 5, 8,1957,49, 2, 1, 3
.i, 6, 8,1958,51, 1, 1, 2
 2, 0, 8,1959,63, 1, 1, 1
.i, 0, 8,1960,39, 1, 1, 1
 2, 5, 8,1961,69, 2, 3, 1
.i, 3, 8,1962,24, 1, 1, 1
.i, 3, 9,1963,.n, 1, 3, 4
 1, 3, 9,1964,42, 2, 3, 0
.i, 3, 9,1965,30, 1, 3, 1
.i, 1, 9,1966,32, 2, 1, 1
 2, 3, 9,1967,41, 2, 3, 0
.i, 0, 9,1968,67, 2, 1, 1
 2, 3, 9,1969,28, 2, 1, 1
 2, 7, 9,1970,60, 2, 3, 3
.i, 5, 9,1971,51, 2, 1, 1
 1, 2, 9,1972,32, 1, 1, 1
.i, 0, 9,1973,28, 1, 2, 1
 1, 4, 9,1974,59, 1, 1, 1
 2, 3, 9,1975,38, 2, 1, 0
.i, 6, 9,1976,70, 2, 1, 1
 2, 5, 9,1977,36, 1, 2, 2
 2, 4, 9,1978,29, 1, 1, 3
.i, 3, 9,1979,59, 1, 3, 0
 2, 3, 9,1980,42, 2, 3, 0
 3, 0, 9,1981,60, 1, 3, 1
.i, 0, 9,1982,56, 1, 1, 1
 1, 2, 9,1983,34, 1, 1, 4
 2, 2, 9,1984,32, 2, 1, 3
 1, 4, 9,1985,22, 2, 2, 1
 1, 2, 9,1986,35, 2, 3, 1
 3, 3, 9,1987,22, 2, 2, 1
.i, 5, 9,1988,25, 2, 1, 1
 2, 3, 9,1989,44, 1, 3, 1
 2, 1, 9,1990,66, 2, 3, 1
.i, 6, 9,1991,44, 1, 3, 0
 1, 3, 9,1992,47, 1, 3, 0
.i, 3, 9,1993,21, 1, 1, 1
.i, 3, 9,1994,43, 2, 1, 0
.i, 3, 9,1995,51, 1, 1, 0
.d, 2, 9,1996,67, 2, 1, 2
 2, 1, 9,1997,71, 1, 1, 1
 2, 0, 9,1998,85, 2, 1, 3
 2, 0, 9,1999,72, 2, 1, 4
 3, 0, 9,2000,51, 2, 3, 1
.i, 6, 9,2001,81, 1, 3, 0
 2, 0, 9,2002,60, 2, 1, 1
 2, 5, 9,2003,56, 2, 1, 3
 1, 6, 9,2004,55, 2, 1, 3
.i, 0, 9,2005,49, 1, 1, 1
 2, 5, 9,2006,64, 2, 1, 2
 2, 1, 9,2007,29, 2, 3, 3
 2, 0, 9,2008,46, 2, 1, 4
 2, 0, 9,2009,19, 2, 1, 1
 2, 2, 9,2010,19, 2, 3, 1
.i, 0, 9,2011,19, 1, 1, 1
 2, 6, 9,2012,41, 2, 1, 3
 3, 0, 9,2013,25, 1, 1, 3
.i,.n, 9,2014,73, 1, 1, 1
 2, 3, 9,2015,74, 1, 1, 1
 2, 6, 9,2016,53, 2, 1, 1
.i, 6, 9,2017,49, 2, 1, 1
 2, 6, 9,2018,69, 1, 1, 1
 2, 6, 9,2019,55, 1, 1, 3
.i, 5, 9,2020,51, 1, 1, 1
 1, 1, 9,2021,68, 1, 1, 2
.i, 5, 9,2022,66, 2, 1, 2
 2, 5, 9,2023,63, 1, 3, 3
.i, 2, 9,2024,57, 1, 1, 2
 1, 6, 9,2025,44, 1, 1, 4
.i, 3, 9,2026,26, 2, 2, 3
 2, 0, 9,2027,44, 1, 1, 4
.i, 1, 9,2028,58, 2, 1, 4
 2, 3, 9,2029,41, 2, 1, 2
 1, 7, 9,2030,24, 1, 1, 3
.i, 2, 9,2031,28, 2, 1, 2
 2, 0, 9,2032,36, 2, 1, 3
 1, 0, 9,2033,34, 1, 1, 2
 3, 0, 9,2034,25, 2, 1, 1
 2, 0, 9,2035,62, 2, 3, 1
 2, 2, 9,2036,33, 2, 1, 1
.i, 1, 9,2037,37, 1, 1, 1
 1, 6, 9,2038,36, 1, 1, 0
.i, 3, 9,2039,41, 1, 1, 1
 2, 0, 9,2040,61, 2, 3, 1
.i, 6, 9,2041,71, 1, 1, 4
 1, 0, 9,2042,53, 1, 1, 4
.i, 2, 9,2043,44, 1, 3, 1
 3, 3, 9,2044,50, 1, 3, 2
 2, 1, 9,2045,75, 1, 1, 0
 2, 5, 9,2046,69, 2, 3, 1
.i, 5, 9,2047,63, 2, 1, 3
 2, 0, 9,2048,80, 2, 3, 1
.i, 3, 9,2049,66, 1, 1, 1
.i, 5, 9,2050,35, 1, 1, 1
 3, 7, 9,2051,44, 1, 1, 1
.i, 2, 9,2052,81, 2, 1, 1
 1, 6, 9,2053,76, 1, 1, 1
 3, 3, 9,2054,34, 2, 1, 1
.i, 6, 9,2055,18, 1, 1, 0
 3, 2, 9,2056,36, 1, 1, 1
 1, 6, 9,2057,70, 2, 1, 2
 2, 3, 9,2058,41, 2, 1, 0
 1, 4, 9,2059,34, 2, 1, 1
.i, 5, 9,2060,57, 1, 1, 1
 3, 2, 9,2061,30, 2, 1, 1
 3,.n, 9,2062,56, 2, 1, 2
.i, 0, 9,2063,53, 2, 1, 1
 2, 5, 9,2064,54, 2, 1, 3
 2,.n, 8,2065,70, 2, 1, 1
 2, 4, 8,2066,37, 1, 3, 1
 1, 4, 8,2067,59, 1, 3, 0
 1, 2, 8,2068,51, 2, 1, 1
 2, 4, 8,2069,52, 2, 1, 2
 3, 2, 8,2070,53, 2, 1, 1
 1, 4, 8,2071,60, 2, 1, 1
 1, 1, 8,2072,18, 2, 1, 0
.i, 2, 8,2073,33, 2, 1, 0
 3, 4, 8,2074,22, 1, 1, 1
.i, 4, 8,2075,53, 2, 1, 1
 2, 1, 8,2076,66, 2, 1, 1
 2, 2, 8,2077,28, 1, 1, 4
.i, 3, 8,2078,27, 2, 1, 1
 1, 3, 8,2079,89, 1, 1, 1
 1, 2, 8,2080,26, 1, 2, 1
.i, 3, 8,2081,28, 2, 1, 1
 2, 6, 8,2082,66, 2, 1, 2
.i, 7, 8,2083,59, 1, 1, 1
 1, 6, 8,2084,80, 1, 1, 3
.i, 5, 8,2085,75, 2, 1, 1
 2, 5, 7,2086,73, 2, 1, 1
 1, 5, 7,2087,64, 1, 1, 1
 3, 6, 7,2088,36, 1, 3, 2
.i, 4, 7,2089,65, 1, 1, 0
 1, 6, 7,2090,82, 1, 1, 1
 2, 4, 7,2091,29, 2, 1, 1
 2, 0, 7,2092,37, 1, 1, 3
.i, 5, 7,2093,39, 1, 1, 3
 3, 6, 7,2094,40, 2, 1, 2
 2, 1, 7,2095,39, 2, 1, 3
 2, 6, 7,2096,63, 2, 1, 1
.i, 6, 7,2097,39, 2, 1, 1
 1, 4, 7,2098,33, 2, 1, 2
.i, 5, 7,2099,57, 2, 1, 1
 2, 2, 7,2100,44, 2, 1, 2
.i, 5, 7,2101,43, 2, 1, 2
 3, 4, 7,2102,48, 1, 1, 3
 2, 3, 7,2103,27, 1, 1, 1
 1, 1, 7,2104,59, 2, 1, 1
.i, 2, 7,2105,46, 1, 3, 1
 1, 5, 7,2106,51, 1, 1, 2
 2, 6, 7,2107,63, 1, 1, 3
.i, 6, 7,2108,76, 2, 1, 1
 1, 5, 7,2109,56, 2, 1, 3
.i, 5, 7,2110,39, 1, 1, 1
 1, 3, 7,2111,34, 2, 1, 2
.i, 3, 7,2112,36, 2, 1, 1
 1, 3, 7,2113,51, 2, 1, 1
 1, 3, 7,2114,62, 1, 1, 3
.i, 1, 7,2115,75, 2, 2, 1
 2, 5, 7,2116,68, 1, 1, 1
 2, 3, 7,2117,79, 2, 1, 1
 2, 5, 7,2118,66, 2, 1, 1
 2, 3, 7,2119,20, 2, 1, 0
 2, 4, 7,2120,74, 2, 1, 1
 2, 1, 7,2121,48, 2, 2, 1
 1, 5, 7,2122,52, 2, 1, 1
 1, 5, 7,2123,87, 1, 1, 1
 2, 3, 7,2124,39, 1, 1, 2
 2, 2, 7,2125,35, 2, 2, 1
 3, 5, 7,2126,30, 2, 1, 1
 2, 4, 7,2127,20, 2, 1, 1
 1, 5, 7,2128,49, 2, 1, 1
 1, 1, 7,2129,36, 2, 1, 3
 1, 1, 7,2130,40, 1, 1, 0
.i, 1, 7,2131,62, 1, 1, 1
 1, 6, 7,2132,22, 2, 1, 1
.i, 0, 7,2133,38, 2, 1, 4
 1, 4, 7,2134,59, 1, 1, 4
 2, 2, 7,2135,25, 2, 1, 1
.i, 1, 7,2136,55, 2, 1, 1
 1, 5, 7,2137,37, 2, 1, 1
 2, 6, 7,2138,72, 2, 1, 4
.i, 3, 7,2139,58, 2, 1, 0
 2, 4, 7,2140,65, 2, 1, 1
 2, 2, 7,2141,46, 2, 1, 1
 2, 3, 7,2142,50, 2, 1, 1
 1, 5, 7,2143,85, 1, 1, 1
.i, 4, 7,2144,73, 1, 1, 3
 2, 7, 7,2145,89, 1, 1, 1
 1, 0, 7,2146,69, 1, 1, 1
 1, 1, 7,2147,71, 1, 1, 1
.i, 6, 7,2148,66, 2, 1, 1
 2, 6, 7,2149,19, 1, 1, 0
.i, 4, 7,2150,56, 1, 1, 0
 3, 3, 7,2151,46, 1, 1, 0
 2, 5, 7,2152,49, 2, 1, 1
 2, 3, 4,2153,34, 2, 1, 1
 1, 1, 4,2154,31, 2, 1, 1
 1, 1, 4,2155,32, 2, 2, 1
.i, 0, 4,2156,26, 1, 1, 3
.i, 0, 4,2157,53, 1, 1, 1
 3, 3, 4,2158,49, 1, 1, 1
.i, 3, 4,2159,20, 2, 2, 1
 1, 5, 4,2160,39, 2, 1, 1
.i, 2, 4,2161,38, 2, 1, 1
 2, 4, 4,2162,33, 1, 1, 4
 1, 4, 4,2163,63, 1, 1, 1
.i, 2, 4,2164,82, 1, 1, 0
 1, 2, 4,2165,47, 2, 1, 1
.i, 5, 4,2166,38, 1, 1, 2
.i, 1, 4,2167,25, 1, 2, 1
 3, 4, 4,2168,55, 2, 2, 0
 2, 4, 4,2169,55, 2, 3, 1
.i, 4, 4,2170,74, 2, 1, 3
.i, 6, 4,2171,77, 1, 1, 1
.i, 0, 4,2172,61, 2, 1, 1
 2, 6, 4,2173,29, 1, 1, 1
.i, 3, 4,2174,29, 2, 1, 1
 3, 1, 4,2175,31, 2, 3, 1
 2, 0, 4,2176,37, 2, 1, 1
 1, 6, 4,2177,74, 1, 1, 1
.i, 0, 4,2178,80, 2, 1, 2
 1, 1, 4,2179,78, 2, 1, 1
 1, 5, 4,2180,59, 1, 1, 1
 2, 1, 4,2181,39, 2, 1, 1
 3, 6, 4,2182,59, 1, 1, 1
 2, 6, 4,2183,52, 1, 1, 1
.i, 5, 3,2184,44, 2, 1, 3
 1, 3, 3,2185,36, 2, 1, 1
.i, 0, 3,2186,83, 1, 1, 1
.i, 3, 3,2187,47, 2, 1, 1
 2, 2, 3,2188,65, 1, 1, 1
.i, 3, 3,2189,37, 1, 1, 1
 1, 2, 3,2190,56, 2, 1, 3
.i, 6, 3,2191,40, 1, 1, 1
 1, 0, 3,2192,39, 1, 1, 4
.i, 3, 3,2193,30, 2, 1, 3
 3, 3, 3,2194,29, 1, 3, 4
.i, 3, 3,2195,24, 2, 3, 1
 1, 3, 3,2196,59, 2, 1, 1
 2, 7, 3,2197,44, 1, 1, 1
.i, 0, 3,2198,59, 1, 2, 3
 2, 2, 3,2199,39, 1, 1, 4
 3, 4, 3,2200,72, 2, 1, 1
.i, 5, 3,2201,56, 2, 1, 1
 2, 1, 3,2202,36, 2, 1, 1
 1, 0, 3,2203,82, 1, 1, 1
 1, 3, 3,2204,35, 2, 1, 1
 2, 4, 3,2205,37, 1, 1, 2
.i, 3, 3,2206,62, 1, 1, 1
 2, 5, 3,2207,33, 2, 1, 4
 2, 6, 3,2208,25, 1, 1, 1
.i, 3, 3,2209,40, 2, 1, 2
 3, 4, 3,2210,63, 2, 1, 2
 2, 1, 3,2211,50, 2, 1, 4
 1, 6, 3,2212,71, 1, 1, 1
.i, 5, 3,2213,77, 1, 1, 0
 2, 2, 3,2214,33, 1, 1, 1
 2, 6, 3,2215,54, 1, 1, 1
 2, 1, 3,2216,41, 1, 1, 1
.i, 1, 3,2217,51, 1, 1, 3
 2,.n, 3,2218,42, 2, 1, 1
.i, 3, 3,2219,73, 1, 1, 1
 2, 2, 3,2220,23, 1, 1, 1
.i, 3, 3,2221,57, 1, 1, 1
 2, 7, 3,2222,65, 1, 1, 3
 1, 3, 3,2223,58, 1, 3, 0
.i, 4, 3,2224,59, 1, 1, 1
.i, 5, 3,2225,27, 2, 1, 4
 1, 2, 3,2226,29, 1, 1, 3
.i, 4, 3,2227,32, 2, 1, 1
 2, 4, 3,2228,32, 1, 1, 0
 1, 1, 3,2229,27, 1, 3, 1
.i, 2, 3,2230,40, 2, 1, 1
 3, 4, 3,2231,30, 2, 1, 3
 2, 0, 3,2232,68, 2, 1, 2
 2, 3, 5,2233,47, 2, 1, 3
 2, 0, 5,2234,51, 1, 1, 0
 2, 3, 5,2235,56, 2, 1, 0
 3, 6, 5,2236,70, 1, 1, 1
.i, 0, 5,2237,80, 1, 3, 1
 3, 1, 5,2238,53, 2, 1, 0
 2, 5, 5,2239,79, 1, 1, 1
.i, 1, 5,2240,57, 2, 1, 1
 1, 4, 5,2241,59, 2, 1, 1
.i, 5, 3,2242,61, 2, 1, 0
 3, 4, 3,2243,45, 1, 1, 1
.i, 1, 3,2244,66, 1, 1, 1
.i, 1, 3,2245,55, 2, 1, 1
 2, 6, 3,2246,60, 2, 1, 1
.i, 5, 3,2247,79, 2, 1, 1
 2, 1, 3,2248,55, 1, 1, 1
 2, 3, 3,2249,48, 2, 1, 1
.i, 0, 3,2250,56, 2, 1, 2
 3, 0, 3,2251,66, 1, 1, 1
.i, 5, 3,2252,30, 2, 1, 4
.i, 3, 3,2253,21, 2, 1, 1
 2, 6, 3,2254,29, 1, 1, 1
 1, 5, 3,2255,81, 2, 1, 1
.i, 2, 3,2256,57, 2, 1, 1
 2, 5, 3,2257,37, 1, 1, 1
.i, 0, 3,2258,77, 1, 1, 0
 1, 0, 6,2259,67, 1, 2, 0
 1, 3, 6,2260,34, 2, 3, 0
 3, 2, 6,2261,24, 2, 2, 3
.i, 3, 6,2262,21, 2, 3, 1
 3, 2, 6,2263,30, 1, 3, 0
.i, 5, 6,2264,28, 2, 2, 2
 1, 0, 6,2265,22, 2, 2, 1
 2, 0, 6,2266,84, 1, 2, 0
 1, 4, 6,2267,65, 1, 1, 1
 1, 6, 6,2268,74, 1, 1, 1
.i, 3, 6,2269,89, 2, 1, 1
 2, 0, 6,2270,46, 1, 2, 1
 3, 2, 6,2271,74, 2, 1, 0
.i, 3, 6,2272,34, 2, 1, 0
 3, 0, 6,2273,34, 2, 2, 2
 2, 1, 6,2274,64, 2, 2, 0
 2, 5, 6,2275,40, 2, 1, 2
 1, 2, 6,2276,56, 1, 2, 2
 2, 5, 6,2277,26, 2, 2, 1
 2, 4, 6,2278,64, 1, 1, 1
 2, 6, 6,2279,68, 2, 1, 4
 2,.n, 6,2280,30, 2, 1, 1
 2, 3, 6,2281,41, 2, 1, 1
 3, 3, 6,2282,22, 1, 2, 1
 1, 1, 6,2283,66, 2, 1, 1
.i, 3, 6,2284,35, 2, 1, 1
 2, 5, 6,2285,43, 1, 1, 0
 2, 3, 6,2286,48, 2, 1, 1
.i, 0, 6,2287,34, 1, 3, 0
 1, 5, 6,2288,60, 1, 1, 1
 3, 0, 5,2289,52, 2, 1, 0
.i, 3, 5,2290,37, 2, 2, 1
 1, 3, 5,2291,25, 2, 2, 0
 1, 1, 5,2292,41, 2, 2, 1
.i, 1, 5,2293,41, 1, 2, 1
 2, 0, 5,2294,77, 2, 2, 0
.i, 4, 5,2295,23, 2, 2, 1
.i, 0, 5,2296,53, 2, 2, 1
 2, 2, 5,2297,30, 1, 2, 1
.i, 0, 5,2298,21, 2, 2, 1
 2, 3, 5,2299,75, 1, 2, 0
.i, 1, 5,2300,77, 1, 2, 1
 1, 0, 5,2301,68, 1, 2, 0
.i, 0, 5,2302,28, 2, 2, 1
 3, 4, 5,2303,20, 2, 2, 1
.d, 5, 5,2304,66, 1, 1, 0
.i, 1, 5,2305,52, 1, 2, 0
 2, 7, 5,2306,40, 1, 1, 1
 3, 3, 5,2307,31, 2, 2, 1
 3, 4, 5,2308,32, 1, 2, 1
.i, 1, 5,2309,53, 2, 2, 1
 2, 2, 5,2310,78, 1, 2, 1
 2, 5, 5,2311,54, 1, 1, 1
.i, 5, 5,2312,25, 2, 1, 1
.i, 3, 5,2313,53, 2, 1, 0
 2, 4, 5,2314,54, 2, 1, 1
 1, 7, 5,2315,26, 1, 1, 1
.i, 3, 5,2316,75, 1, 1, 0
.i, 5, 5,2317,56, 1, 1, 3
 1, 0, 5,2318,36, 2, 1, 4
 2, 3, 5,2319,52, 2, 1, 1
 1, 0, 5,2320,68, 1, 2, 1
.i, 3, 5,2321,67, 1, 2, 1
 2, 5, 5,2322,53, 1, 1, 3
 2, 5, 5,2323,43, 2, 1, 2
 2, 2, 1,2324,38, 2, 1, 3
.i, 3, 1,2325,68, 2, 1, 1
.i, 2, 1,2326,57, 2, 1, 3
 2, 4, 1,2327,39, 1, 1, 1
 2, 2, 1,2328,66, 1, 1, 3
 2, 6, 1,2329,74, 1, 1, 4
 2, 2, 1,2330,39, 2, 1, 1
 1, 2, 1,2331,50, 1, 1, 2
 2, 2, 1,2332,74, 2, 1, 1
 1, 2, 1,2333,35, 2, 1, 3
.i, 2, 1,2334,76, 1, 1, 4
 2, 2, 1,2335,65, 2, 1, 4
.i, 2, 1,2336,54, 2, 1, 4
 1, 4, 1,2337,25, 2, 1, 3
.d, 6, 1,2338,87, 2, 1, 1
 2, 6, 1,2339,46, 2, 1, 1
.i, 3, 1,2340,29, 2, 1, 1
 2, 4, 1,2341,89, 1, 1, 0
.i, 6, 1,2342,68, 2, 1, 1
 2, 5, 1,2343,19, 1, 1, 1
.i, 3, 1,2344,37, 2, 1, 1
.i, 5, 1,2345,75, 2, 1, 1
 2, 3, 1,2346,67, 2, 1, 1
 2, 4, 1,2347,72, 1, 1, 1
.i, 3, 1,2348,79, 2, 1, 1
